 variables=x,y1,y2,y3,y4,y5,y6,y7,y8,y9,y10,y11,y12,y13,y14,y15
 zone t="           1 "i=         263 f=point
  0.2447917E+00 -0.8082360E-04 -0.8107670E-04 -0.8127921E-04 -0.8176175E-04 -0.8220178E-04 -0.8265360E-04 -0.8306409E-04 -0.8334964E-04 -0.8289786E-04 -0.8254416E-04 -0.8259234E-04 -0.8309163E-04 -0.8587373E-04 -0.8592360E-04 -0.4738839E-04
  0.2500000E+00 -0.1641785E-03 -0.1647462E-03 -0.1651035E-03 -0.1658152E-03 -0.1664788E-03 -0.1669887E-03 -0.1675323E-03 -0.1677041E-03 -0.1660835E-03 -0.1640786E-03 -0.1626443E-03 -0.1616307E-03 -0.1644691E-03 -0.1599760E-03 -0.1021333E-03
  0.2552083E+00 -0.2813263E-03 -0.2807158E-03 -0.2810384E-03 -0.2816383E-03 -0.2821573E-03 -0.2825063E-03 -0.2828015E-03 -0.2826982E-03 -0.2810514E-03 -0.2790261E-03 -0.2769644E-03 -0.2744863E-03 -0.2752487E-03 -0.2670177E-03 -0.2082915E-03
  0.2604167E+00 -0.4188238E-03 -0.4183563E-03 -0.4188885E-03 -0.4195496E-03 -0.4198981E-03 -0.4196009E-03 -0.4189678E-03 -0.4173137E-03 -0.4125123E-03 -0.4062078E-03 -0.3998193E-03 -0.3935379E-03 -0.3942980E-03 -0.3793983E-03 -0.2928285E-03
  0.2656250E+00 -0.5586670E-03 -0.5599850E-03 -0.5606002E-03 -0.5609358E-03 -0.5608298E-03 -0.5594862E-03 -0.5574596E-03 -0.5542378E-03 -0.5461840E-03 -0.5361594E-03 -0.5275535E-03 -0.5206251E-03 -0.5252988E-03 -0.5075572E-03 -0.4001281E-03
  0.2708333E+00 -0.7335237E-03 -0.7335639E-03 -0.7346229E-03 -0.7350931E-03 -0.7350186E-03 -0.7335699E-03 -0.7311209E-03 -0.7272581E-03 -0.7180491E-03 -0.7056518E-03 -0.6941185E-03 -0.6847147E-03 -0.6886180E-03 -0.6640746E-03 -0.5334547E-03
  0.2760417E+00 -0.9410450E-03 -0.9383992E-03 -0.9398768E-03 -0.9407272E-03 -0.9409327E-03 -0.9397580E-03 -0.9374303E-03 -0.9334537E-03 -0.9239630E-03 -0.9100413E-03 -0.8950707E-03 -0.8813328E-03 -0.8825744E-03 -0.8501673E-03 -0.6952536E-03
  0.2812500E+00 -0.1145833E-02 -0.1139514E-02 -0.1141356E-02 -0.1142596E-02 -0.1143145E-02 -0.1142300E-02 -0.1140161E-02 -0.1135993E-02 -0.1126039E-02 -0.1110507E-02 -0.1092055E-02 -0.1072968E-02 -0.1069377E-02 -0.1027141E-02 -0.8483160E-03
  0.2864583E+00 -0.1313440E-02 -0.1304019E-02 -0.1306217E-02 -0.1307970E-02 -0.1309091E-02 -0.1308975E-02 -0.1307738E-02 -0.1304577E-02 -0.1295984E-02 -0.1281616E-02 -0.1263225E-02 -0.1243287E-02 -0.1240638E-02 -0.1195511E-02 -0.9994022E-03
  0.2916667E+00 -0.1414569E-02 -0.1402994E-02 -0.1405460E-02 -0.1407649E-02 -0.1409329E-02 -0.1409935E-02 -0.1409696E-02 -0.1407815E-02 -0.1401122E-02 -0.1389178E-02 -0.1373660E-02 -0.1357880E-02 -0.1362454E-02 -0.1322894E-02 -0.1122882E-02
  0.2968750E+00 -0.1479032E-02 -0.1466071E-02 -0.1468531E-02 -0.1470886E-02 -0.1472858E-02 -0.1473940E-02 -0.1474481E-02 -0.1473803E-02 -0.1468866E-02 -0.1459620E-02 -0.1447920E-02 -0.1437104E-02 -0.1448068E-02 -0.1415905E-02 -0.1226155E-02
  0.3020833E+00 -0.1534454E-02 -0.1519827E-02 -0.1522148E-02 -0.1524505E-02 -0.1526641E-02 -0.1528020E-02 -0.1529076E-02 -0.1529182E-02 -0.1525574E-02 -0.1518657E-02 -0.1509604E-02 -0.1501807E-02 -0.1516014E-02 -0.1489946E-02 -0.1312629E-02
  0.3072917E+00 -0.1572249E-02 -0.1556470E-02 -0.1558726E-02 -0.1561134E-02 -0.1563509E-02 -0.1565317E-02 -0.1567083E-02 -0.1568338E-02 -0.1566625E-02 -0.1562680E-02 -0.1557831E-02 -0.1554802E-02 -0.1574907E-02 -0.1558646E-02 -0.1399000E-02
  0.3125000E+00 -0.1606955E-02 -0.1590253E-02 -0.1592478E-02 -0.1595016E-02 -0.1597750E-02 -0.1600200E-02 -0.1603047E-02 -0.1606059E-02 -0.1607211E-02 -0.1607728E-02 -0.1609184E-02 -0.1614716E-02 -0.1645498E-02 -0.1643609E-02 -0.1500592E-02
  0.3177083E+00 -0.1659040E-02 -0.1640676E-02 -0.1642982E-02 -0.1645712E-02 -0.1648836E-02 -0.1651947E-02 -0.1655805E-02 -0.1660326E-02 -0.1663713E-02 -0.1667538E-02 -0.1673362E-02 -0.1684205E-02 -0.1720635E-02 -0.1724239E-02 -0.1588739E-02
  0.3229167E+00 -0.1728370E-02 -0.1707433E-02 -0.1709759E-02 -0.1712589E-02 -0.1715950E-02 -0.1719427E-02 -0.1723808E-02 -0.1729153E-02 -0.1733808E-02 -0.1739298E-02 -0.1746986E-02 -0.1760130E-02 -0.1799073E-02 -0.1804390E-02 -0.1669353E-02
  0.3281250E+00 -0.1810325E-02 -0.1786319E-02 -0.1788688E-02 -0.1791656E-02 -0.1795332E-02 -0.1799268E-02 -0.1804290E-02 -0.1810450E-02 -0.1816146E-02 -0.1822951E-02 -0.1832535E-02 -0.1847418E-02 -0.1888438E-02 -0.1894560E-02 -0.1757380E-02
  0.3333333E+00 -0.1880430E-02 -0.1853644E-02 -0.1856027E-02 -0.1859036E-02 -0.1862898E-02 -0.1867147E-02 -0.1872647E-02 -0.1879482E-02 -0.1886077E-02 -0.1894416E-02 -0.1906191E-02 -0.1923596E-02 -0.1966986E-02 -0.1975777E-02 -0.1838478E-02
  0.3385417E+00 -0.1951415E-02 -0.1922483E-02 -0.1924880E-02 -0.1927895E-02 -0.1931913E-02 -0.1936477E-02 -0.1942477E-02 -0.1950109E-02 -0.1957945E-02 -0.1967896E-02 -0.1982036E-02 -0.2001977E-02 -0.2046454E-02 -0.2055602E-02 -0.1915940E-02
  0.3437500E+00 -0.2013220E-02 -0.1982246E-02 -0.1984666E-02 -0.1987697E-02 -0.1991829E-02 -0.1996600E-02 -0.2002931E-02 -0.2011115E-02 -0.2019714E-02 -0.2030938E-02 -0.2047182E-02 -0.2069833E-02 -0.2117306E-02 -0.2126843E-02 -0.1982659E-02
  0.3489583E+00 -0.2053171E-02 -0.2020106E-02 -0.2022543E-02 -0.2025606E-02 -0.2029930E-02 -0.2035031E-02 -0.2041898E-02 -0.2050880E-02 -0.2060566E-02 -0.2073346E-02 -0.2091799E-02 -0.2116554E-02 -0.2165935E-02 -0.2177908E-02 -0.2034032E-02
  0.3541667E+00 -0.2063584E-02 -0.2028685E-02 -0.2031109E-02 -0.2034192E-02 -0.2038672E-02 -0.2044107E-02 -0.2051578E-02 -0.2061629E-02 -0.2072952E-02 -0.2088279E-02 -0.2110376E-02 -0.2139660E-02 -0.2193537E-02 -0.2210739E-02 -0.2070077E-02
  0.3593750E+00 -0.2062267E-02 -0.2025519E-02 -0.2027929E-02 -0.2031042E-02 -0.2035693E-02 -0.2041452E-02 -0.2049492E-02 -0.2060492E-02 -0.2073391E-02 -0.2091117E-02 -0.2116557E-02 -0.2149803E-02 -0.2208021E-02 -0.2229463E-02 -0.2093116E-02
  0.3645833E+00 -0.2066963E-02 -0.2028528E-02 -0.2030930E-02 -0.2034084E-02 -0.2038874E-02 -0.2044928E-02 -0.2053452E-02 -0.2065202E-02 -0.2079174E-02 -0.2098682E-02 -0.2126941E-02 -0.2164072E-02 -0.2226719E-02 -0.2253516E-02 -0.2119616E-02
  0.3697917E+00 -0.2075963E-02 -0.2036335E-02 -0.2038694E-02 -0.2041817E-02 -0.2046590E-02 -0.2052696E-02 -0.2061333E-02 -0.2073380E-02 -0.2087917E-02 -0.2108305E-02 -0.2138089E-02 -0.2177186E-02 -0.2241871E-02 -0.2271204E-02 -0.2142317E-02
  0.3750000E+00 -0.2090922E-02 -0.2050579E-02 -0.2052900E-02 -0.2055986E-02 -0.2060723E-02 -0.2066813E-02 -0.2075458E-02 -0.2087507E-02 -0.2102090E-02 -0.2122630E-02 -0.2152618E-02 -0.2191916E-02 -0.2256348E-02 -0.2286177E-02 -0.2158554E-02
  0.3802083E+00 -0.2099112E-02 -0.2057478E-02 -0.2059775E-02 -0.2062821E-02 -0.2067536E-02 -0.2073634E-02 -0.2082346E-02 -0.2094587E-02 -0.2109398E-02 -0.2130254E-02 -0.2160704E-02 -0.2200850E-02 -0.2265478E-02 -0.2295943E-02 -0.2169018E-02
  0.3854167E+00 -0.2115538E-02 -0.2072227E-02 -0.2074492E-02 -0.2077479E-02 -0.2082136E-02 -0.2088158E-02 -0.2096728E-02 -0.2108674E-02 -0.2122829E-02 -0.2142623E-02 -0.2171503E-02 -0.2209770E-02 -0.2272059E-02 -0.2299063E-02 -0.2167921E-02
  0.3906250E+00 -0.2128197E-02 -0.2082449E-02 -0.2084648E-02 -0.2087522E-02 -0.2092067E-02 -0.2097956E-02 -0.2106309E-02 -0.2117881E-02 -0.2131443E-02 -0.2150507E-02 -0.2178738E-02 -0.2215836E-02 -0.2276112E-02 -0.2300571E-02 -0.2164481E-02
  0.3958333E+00 -0.2146716E-02 -0.2098784E-02 -0.2100871E-02 -0.2103562E-02 -0.2107887E-02 -0.2113462E-02 -0.2121302E-02 -0.2132072E-02 -0.2144218E-02 -0.2160933E-02 -0.2185943E-02 -0.2219584E-02 -0.2275203E-02 -0.2296123E-02 -0.2157008E-02
  0.4010417E+00 -0.2165643E-02 -0.2115788E-02 -0.2117763E-02 -0.2120277E-02 -0.2124401E-02 -0.2129717E-02 -0.2137149E-02 -0.2147306E-02 -0.2158455E-02 -0.2173680E-02 -0.2196489E-02 -0.2226826E-02 -0.2277030E-02 -0.2291391E-02 -0.2148320E-02
  0.4062500E+00 -0.2173795E-02 -0.2122503E-02 -0.2124367E-02 -0.2126703E-02 -0.2130613E-02 -0.2135650E-02 -0.2142682E-02 -0.2152245E-02 -0.2162456E-02 -0.2176222E-02 -0.2197253E-02 -0.2224744E-02 -0.2269976E-02 -0.2280112E-02 -0.2134674E-02
  0.4114583E+00 -0.2168043E-02 -0.2116139E-02 -0.2117905E-02 -0.2120099E-02 -0.2123861E-02 -0.2128728E-02 -0.2135547E-02 -0.2144831E-02 -0.2154480E-02 -0.2167180E-02 -0.2186519E-02 -0.2211974E-02 -0.2253727E-02 -0.2259736E-02 -0.2113278E-02
  0.4166667E+00 -0.2146532E-02 -0.2094814E-02 -0.2096481E-02 -0.2098523E-02 -0.2102118E-02 -0.2106795E-02 -0.2113417E-02 -0.2122493E-02 -0.2131927E-02 -0.2144588E-02 -0.2164056E-02 -0.2189629E-02 -0.2230249E-02 -0.2237138E-02 -0.2094848E-02
  0.4218750E+00 -0.2119480E-02 -0.2068645E-02 -0.2070251E-02 -0.2072193E-02 -0.2075690E-02 -0.2080286E-02 -0.2086879E-02 -0.2096024E-02 -0.2105563E-02 -0.2118229E-02 -0.2137729E-02 -0.2163603E-02 -0.2204606E-02 -0.2212889E-02 -0.2075005E-02
  0.4270833E+00 -0.2092997E-02 -0.2042805E-02 -0.2044364E-02 -0.2046210E-02 -0.2049610E-02 -0.2054105E-02 -0.2060624E-02 -0.2069863E-02 -0.2079780E-02 -0.2093250E-02 -0.2113883E-02 -0.2141798E-02 -0.2184441E-02 -0.2194734E-02 -0.2060937E-02
  0.4322917E+00 -0.2070935E-02 -0.2020683E-02 -0.2022197E-02 -0.2023937E-02 -0.2027215E-02 -0.2031568E-02 -0.2037943E-02 -0.2047058E-02 -0.2056810E-02 -0.2070108E-02 -0.2090450E-02 -0.2117693E-02 -0.2159899E-02 -0.2171354E-02 -0.2039703E-02
  0.4375000E+00 -0.2049519E-02 -0.1998320E-02 -0.1999796E-02 -0.2001441E-02 -0.2004613E-02 -0.2008810E-02 -0.2014958E-02 -0.2023794E-02 -0.2033209E-02 -0.2045980E-02 -0.2065916E-02 -0.2092237E-02 -0.2132204E-02 -0.2141760E-02 -0.2008534E-02
  0.4427083E+00 -0.2022628E-02 -0.1970518E-02 -0.1971944E-02 -0.1973488E-02 -0.1976527E-02 -0.1980539E-02 -0.1986409E-02 -0.1994855E-02 -0.2003747E-02 -0.2015533E-02 -0.2033625E-02 -0.2057920E-02 -0.2094158E-02 -0.2098977E-02 -0.1963173E-02
  0.4479167E+00 -0.1987611E-02 -0.1934608E-02 -0.1935955E-02 -0.1937361E-02 -0.1940218E-02 -0.1943950E-02 -0.1949420E-02 -0.1957348E-02 -0.1965540E-02 -0.1976529E-02 -0.1993787E-02 -0.2016113E-02 -0.2048829E-02 -0.2048594E-02 -0.1909528E-02
  0.4531250E+00 -0.1955669E-02 -0.1901868E-02 -0.1903156E-02 -0.1904466E-02 -0.1907199E-02 -0.1910754E-02 -0.1915956E-02 -0.1923482E-02 -0.1931074E-02 -0.1940996E-02 -0.1956882E-02 -0.1978075E-02 -0.2008051E-02 -0.2003940E-02 -0.1861164E-02
  0.4583333E+00 -0.1935684E-02 -0.1881294E-02 -0.1882523E-02 -0.1883735E-02 -0.1886324E-02 -0.1889645E-02 -0.1894465E-02 -0.1901364E-02 -0.1907890E-02 -0.1916114E-02 -0.1929368E-02 -0.1946299E-02 -0.1971458E-02 -0.1964116E-02 -0.1821365E-02
  0.4635417E+00 -0.1925905E-02 -0.1870821E-02 -0.1871977E-02 -0.1873065E-02 -0.1875457E-02 -0.1878470E-02 -0.1882812E-02 -0.1888998E-02 -0.1894391E-02 -0.1900967E-02 -0.1911725E-02 -0.1925678E-02 -0.1946443E-02 -0.1933079E-02 -0.1786531E-02
  0.4687500E+00 -0.1922844E-02 -0.1867323E-02 -0.1868417E-02 -0.1869396E-02 -0.1871596E-02 -0.1874257E-02 -0.1877998E-02 -0.1883181E-02 -0.1887093E-02 -0.1891372E-02 -0.1898725E-02 -0.1908073E-02 -0.1923154E-02 -0.1903826E-02 -0.1754304E-02
  0.4739583E+00 -0.1911714E-02 -0.1855742E-02 -0.1856774E-02 -0.1857648E-02 -0.1859672E-02 -0.1862033E-02 -0.1865294E-02 -0.1869765E-02 -0.1872432E-02 -0.1874674E-02 -0.1878908E-02 -0.1884830E-02 -0.1895211E-02 -0.1871515E-02 -0.1718059E-02
  0.4791667E+00 -0.1894869E-02 -0.1838932E-02 -0.1839927E-02 -0.1840742E-02 -0.1842663E-02 -0.1844831E-02 -0.1847737E-02 -0.1851556E-02 -0.1853263E-02 -0.1854076E-02 -0.1855988E-02 -0.1858334E-02 -0.1865109E-02 -0.1838039E-02 -0.1683873E-02
  0.4843750E+00 -0.1868592E-02 -0.1812973E-02 -0.1813949E-02 -0.1814743E-02 -0.1816621E-02 -0.1818704E-02 -0.1821473E-02 -0.1825077E-02 -0.1826371E-02 -0.1826311E-02 -0.1827312E-02 -0.1828416E-02 -0.1834502E-02 -0.1808306E-02 -0.1656080E-02
  0.4895833E+00 -0.1849439E-02 -0.1794090E-02 -0.1795058E-02 -0.1795846E-02 -0.1797705E-02 -0.1799751E-02 -0.1802491E-02 -0.1806051E-02 -0.1807312E-02 -0.1807335E-02 -0.1807734E-02 -0.1807743E-02 -0.1812339E-02 -0.1783965E-02 -0.1630440E-02
  0.4947917E+00 -0.1835881E-02 -0.1780822E-02 -0.1781808E-02 -0.1782636E-02 -0.1784562E-02 -0.1786702E-02 -0.1789567E-02 -0.1793284E-02 -0.1794703E-02 -0.1794607E-02 -0.1794929E-02 -0.1794690E-02 -0.1797838E-02 -0.1768111E-02 -0.1612227E-02
  0.5000000E+00 -0.1827780E-02 -0.1772726E-02 -0.1773724E-02 -0.1774582E-02 -0.1776564E-02 -0.1778802E-02 -0.1781829E-02 -0.1785809E-02 -0.1787576E-02 -0.1787789E-02 -0.1787820E-02 -0.1787126E-02 -0.1787986E-02 -0.1753633E-02 -0.1591848E-02
  0.5052083E+00 -0.1808986E-02 -0.1753803E-02 -0.1754794E-02 -0.1755665E-02 -0.1757691E-02 -0.1760026E-02 -0.1763217E-02 -0.1767442E-02 -0.1769774E-02 -0.1770521E-02 -0.1770751E-02 -0.1769188E-02 -0.1767449E-02 -0.1729103E-02 -0.1563680E-02
  0.5104167E+00 -0.1778975E-02 -0.1723744E-02 -0.1724692E-02 -0.1725523E-02 -0.1727522E-02 -0.1729872E-02 -0.1733175E-02 -0.1737732E-02 -0.1740499E-02 -0.1741805E-02 -0.1743080E-02 -0.1742470E-02 -0.1739483E-02 -0.1697791E-02 -0.1530191E-02
  0.5156250E+00 -0.1735917E-02 -0.1681105E-02 -0.1681978E-02 -0.1682730E-02 -0.1684652E-02 -0.1686950E-02 -0.1690263E-02 -0.1694934E-02 -0.1698062E-02 -0.1700080E-02 -0.1701503E-02 -0.1700962E-02 -0.1695445E-02 -0.1649959E-02 -0.1482463E-02
  0.5208333E+00 -0.1681138E-02 -0.1626837E-02 -0.1627594E-02 -0.1628206E-02 -0.1629961E-02 -0.1632086E-02 -0.1635232E-02 -0.1639736E-02 -0.1642695E-02 -0.1644561E-02 -0.1646462E-02 -0.1645898E-02 -0.1637977E-02 -0.1589176E-02 -0.1424219E-02
  0.5260417E+00 -0.1610304E-02 -0.1557148E-02 -0.1557755E-02 -0.1558183E-02 -0.1559710E-02 -0.1561555E-02 -0.1564349E-02 -0.1568413E-02 -0.1570785E-02 -0.1571777E-02 -0.1572534E-02 -0.1570971E-02 -0.1559708E-02 -0.1506706E-02 -0.1345503E-02
  0.5312500E+00 -0.1521142E-02 -0.1469590E-02 -0.1470032E-02 -0.1470253E-02 -0.1471510E-02 -0.1472985E-02 -0.1475307E-02 -0.1478827E-02 -0.1480523E-02 -0.1480711E-02 -0.1480279E-02 -0.1476604E-02 -0.1461478E-02 -0.1405830E-02 -0.1252561E-02
  0.5364583E+00 -0.1416484E-02 -0.1366973E-02 -0.1367244E-02 -0.1367246E-02 -0.1368204E-02 -0.1369291E-02 -0.1371109E-02 -0.1373940E-02 -0.1374642E-02 -0.1373400E-02 -0.1371420E-02 -0.1366122E-02 -0.1347555E-02 -0.1290906E-02 -0.1147818E-02
  0.5416667E+00 -0.1301588E-02 -0.1254378E-02 -0.1254481E-02 -0.1254266E-02 -0.1254922E-02 -0.1255587E-02 -0.1256843E-02 -0.1259060E-02 -0.1259140E-02 -0.1257204E-02 -0.1254192E-02 -0.1247542E-02 -0.1226631E-02 -0.1170994E-02 -0.1040798E-02
  0.5468750E+00 -0.1185761E-02 -0.1141217E-02 -0.1141181E-02 -0.1140786E-02 -0.1141195E-02 -0.1141530E-02 -0.1142348E-02 -0.1143952E-02 -0.1143264E-02 -0.1140515E-02 -0.1136443E-02 -0.1129201E-02 -0.1106465E-02 -0.1051799E-02 -0.9350607E-03
  0.5520833E+00 -0.1065888E-02 -0.1024307E-02 -0.1024154E-02 -0.1023615E-02 -0.1023821E-02 -0.1023904E-02 -0.1024428E-02 -0.1025768E-02 -0.1024821E-02 -0.1021924E-02 -0.1017693E-02 -0.1010087E-02 -0.9864888E-03 -0.9347226E-03 -0.8323169E-03
  0.5572917E+00 -0.9427145E-03 -0.9041144E-03 -0.9038395E-03 -0.9031496E-03 -0.9031357E-03 -0.9029173E-03 -0.9030682E-03 -0.9039360E-03 -0.9023483E-03 -0.8986989E-03 -0.8939162E-03 -0.8858396E-03 -0.8617166E-03 -0.8136863E-03 -0.7273200E-03
  0.5625000E+00 -0.8217993E-03 -0.7861801E-03 -0.7857964E-03 -0.7849646E-03 -0.7847254E-03 -0.7841996E-03 -0.7839554E-03 -0.7843177E-03 -0.7821770E-03 -0.7778136E-03 -0.7724000E-03 -0.7645221E-03 -0.7398782E-03 -0.6938024E-03 -0.6221614E-03
  0.5677083E+00 -0.7055597E-03 -0.6725418E-03 -0.6720578E-03 -0.6711024E-03 -0.6706621E-03 -0.6698535E-03 -0.6692184E-03 -0.6691232E-03 -0.6664631E-03 -0.6615907E-03 -0.6550287E-03 -0.6455672E-03 -0.6198982E-03 -0.5770658E-03 -0.5207006E-03
  0.5729167E+00 -0.6002803E-03 -0.5695868E-03 -0.5690149E-03 -0.5679449E-03 -0.5673122E-03 -0.5662139E-03 -0.5651661E-03 -0.5644068E-03 -0.5608293E-03 -0.5547120E-03 -0.5465448E-03 -0.5359978E-03 -0.5094568E-03 -0.4693065E-03 -0.4260874E-03
  0.5781250E+00 -0.5062365E-03 -0.4774540E-03 -0.4768169E-03 -0.4756661E-03 -0.4748903E-03 -0.4735834E-03 -0.4722380E-03 -0.4710711E-03 -0.4668747E-03 -0.4595653E-03 -0.4497810E-03 -0.4372147E-03 -0.4080059E-03 -0.3683889E-03 -0.3363277E-03
  0.5833333E+00 -0.4214242E-03 -0.3939943E-03 -0.3932981E-03 -0.3920693E-03 -0.3911490E-03 -0.3896096E-03 -0.3879615E-03 -0.3863647E-03 -0.3817713E-03 -0.3742368E-03 -0.3636734E-03 -0.3496207E-03 -0.3178854E-03 -0.2787477E-03 -0.2553045E-03
  0.5885417E+00 -0.3398199E-03 -0.3135249E-03 -0.3127849E-03 -0.3115003E-03 -0.3104873E-03 -0.3088166E-03 -0.3069530E-03 -0.3049761E-03 -0.2998252E-03 -0.2915189E-03 -0.2799640E-03 -0.2642487E-03 -0.2316865E-03 -0.1945976E-03 -0.1825994E-03
  0.5937500E+00 -0.2596922E-03 -0.2341774E-03 -0.2334022E-03 -0.2320721E-03 -0.2309655E-03 -0.2291548E-03 -0.2270794E-03 -0.2247686E-03 -0.2191573E-03 -0.2101016E-03 -0.1980059E-03 -0.1817535E-03 -0.1491115E-03 -0.1150298E-03 -0.1139709E-03
  0.5989583E+00 -0.1849490E-03 -0.1599331E-03 -0.1591335E-03 -0.1577770E-03 -0.1566251E-03 -0.1547491E-03 -0.1525931E-03 -0.1501843E-03 -0.1444875E-03 -0.1352447E-03 -0.1224296E-03 -0.1061186E-03 -0.7278779E-04 -0.4316798E-04 -0.5448701E-04
  0.6041667E+00 -0.1192942E-03 -0.9446220E-04 -0.9363104E-04 -0.9223301E-04 -0.9100692E-04 -0.8901226E-04 -0.8664938E-04 -0.8391486E-04 -0.7766782E-04 -0.6751396E-04 -0.5363515E-04 -0.3599737E-04 -0.3075067E-05  0.2274123E-04 -0.1346649E-05
  0.6093750E+00 -0.6539206E-04 -0.4052754E-04 -0.3967263E-04 -0.3824078E-04 -0.3694445E-04 -0.3481007E-04 -0.3220672E-04 -0.2906478E-04 -0.2236815E-04 -0.1167465E-04  0.3190368E-05  0.2146584E-04  0.5430222E-04  0.7563258E-04  0.4135249E-04
  0.6145833E+00 -0.2155093E-04  0.3257663E-05  0.4126443E-05  0.5572427E-05  0.6901881E-05  0.9089272E-05  0.1178758E-04  0.1508553E-04  0.2209921E-04  0.3336585E-04  0.4892893E-04  0.6754803E-04  0.9951653E-04  0.1161685E-03  0.7322035E-04
  0.6197917E+00  0.1824389E-04  0.4316075E-04  0.4403358E-04  0.4547843E-04  0.4681450E-04  0.4902710E-04  0.5174299E-04  0.5513341E-04  0.6226582E-04  0.7356510E-04  0.8865904E-04  0.1059376E-03  0.1352622E-03  0.1479204E-03  0.9693027E-04
  0.6250000E+00  0.5448769E-04  0.7943624E-04  0.8031571E-04  0.8175899E-04  0.8309701E-04  0.8531751E-04  0.8806169E-04  0.9145799E-04  0.9872071E-04  0.1103442E-03  0.1254441E-03  0.1418478E-03  0.1674209E-03  0.1754664E-03  0.1144510E-03
  0.6302083E+00  0.8662526E-04  0.1115721E-03  0.1124573E-03  0.1138990E-03  0.1152536E-03  0.1175417E-03  0.1204222E-03  0.1241159E-03  0.1317004E-03  0.1435511E-03  0.1592964E-03  0.1751893E-03  0.1998931E-03  0.2041574E-03  0.1344066E-03
  0.6354167E+00  0.1160569E-03  0.1409889E-03  0.1418925E-03  0.1433569E-03  0.1447605E-03  0.1471438E-03  0.1501670E-03  0.1540919E-03  0.1619600E-03  0.1743683E-03  0.1910691E-03  0.2085119E-03  0.2330389E-03  0.2347832E-03  0.1561916E-03
  0.6406250E+00  0.1462627E-03  0.1709111E-03  0.1718239E-03  0.1732919E-03  0.1747201E-03  0.1771464E-03  0.1802682E-03  0.1844259E-03  0.1928361E-03  0.2059113E-03  0.2235265E-03  0.2422995E-03  0.2674825E-03  0.2666221E-03  0.1789028E-03
  0.6458333E+00  0.1785611E-03  0.2027051E-03  0.2036165E-03  0.2050707E-03  0.2065010E-03  0.2089786E-03  0.2121791E-03  0.2164915E-03  0.2250653E-03  0.2383169E-03  0.2562572E-03  0.2755301E-03  0.3013707E-03  0.2965946E-03  0.1985509E-03
  0.6510417E+00  0.2129912E-03  0.2364153E-03  0.2372942E-03  0.2386777E-03  0.2400080E-03  0.2423459E-03  0.2453442E-03  0.2494453E-03  0.2577297E-03  0.2706767E-03  0.2884148E-03  0.3072614E-03  0.3304550E-03  0.3193953E-03  0.2094200E-03
  0.6562500E+00  0.2490983E-03  0.2716201E-03  0.2724479E-03  0.2737276E-03  0.2748957E-03  0.2769885E-03  0.2795875E-03  0.2829855E-03  0.2901222E-03  0.3015726E-03  0.3169973E-03  0.3325499E-03  0.3501741E-03  0.3305514E-03  0.2085959E-03
  0.6614583E+00  0.2844246E-03  0.3058393E-03  0.3065786E-03  0.3076934E-03  0.3086165E-03  0.3103388E-03  0.3123514E-03  0.3147341E-03  0.3201490E-03  0.3289999E-03  0.3408919E-03  0.3502391E-03  0.3590093E-03  0.3280925E-03  0.1957588E-03
  0.6666667E+00  0.3162878E-03  0.3363806E-03  0.3370157E-03  0.3379487E-03  0.3386018E-03  0.3399055E-03  0.3412185E-03  0.3425378E-03  0.3459968E-03  0.3511661E-03  0.3566879E-03  0.3575988E-03  0.3556734E-03  0.3146849E-03  0.1770450E-03
  0.6718750E+00  0.3385266E-03  0.3575760E-03  0.3581016E-03  0.3588425E-03  0.3592028E-03  0.3600587E-03  0.3606180E-03  0.3606356E-03  0.3620517E-03  0.3636549E-03  0.3634630E-03  0.3558603E-03  0.3448119E-03  0.2972047E-03  0.1629640E-03
  0.6770833E+00  0.3436829E-03  0.3619114E-03  0.3623101E-03  0.3628383E-03  0.3628783E-03  0.3632462E-03  0.3630651E-03  0.3619975E-03  0.3616985E-03  0.3607131E-03  0.3567227E-03  0.3437541E-03  0.3265137E-03  0.2792456E-03  0.1552263E-03
  0.6822917E+00  0.3341482E-03  0.3516978E-03  0.3519930E-03  0.3523560E-03  0.3521743E-03  0.3522527E-03  0.3516646E-03  0.3498680E-03  0.3484339E-03  0.3456588E-03  0.3391301E-03  0.3234605E-03  0.3045632E-03  0.2622730E-03  0.1573760E-03
  0.6875000E+00  0.3133727E-03  0.3301654E-03  0.3303654E-03  0.3305872E-03  0.3302215E-03  0.3300470E-03  0.3290971E-03  0.3268881E-03  0.3248010E-03  0.3213391E-03  0.3138871E-03  0.2970497E-03  0.2781628E-03  0.2465281E-03  0.1653473E-03
  0.6927083E+00  0.2790223E-03  0.2950539E-03  0.2951641E-03  0.2952550E-03  0.2947351E-03  0.2943769E-03  0.2932024E-03  0.2907430E-03  0.2883959E-03  0.2845966E-03  0.2768988E-03  0.2611321E-03  0.2471649E-03  0.2307223E-03  0.1766070E-03
  0.6979167E+00  0.2381197E-03  0.2529824E-03  0.2530015E-03  0.2529569E-03  0.2522714E-03  0.2517275E-03  0.2503303E-03  0.2475651E-03  0.2450951E-03  0.2417803E-03  0.2355196E-03  0.2226747E-03  0.2159037E-03  0.2162375E-03  0.1897256E-03
  0.7031250E+00  0.1988042E-03  0.2121221E-03  0.2120681E-03  0.2119235E-03  0.2111397E-03  0.2105161E-03  0.2090589E-03  0.2062596E-03  0.2038623E-03  0.2007623E-03  0.1953523E-03  0.1855156E-03  0.1856856E-03  0.2007138E-03  0.1987730E-03
  0.7083333E+00  0.1710361E-03  0.1821965E-03  0.1820514E-03  0.1817679E-03  0.1808131E-03  0.1799868E-03  0.1782860E-03  0.1752096E-03  0.1723747E-03  0.1688838E-03  0.1638336E-03  0.1550574E-03  0.1591590E-03  0.1840557E-03  0.1988244E-03
  0.7135417E+00  0.1657134E-03  0.1742114E-03  0.1739753E-03  0.1735430E-03  0.1723870E-03  0.1712558E-03  0.1690688E-03  0.1652411E-03  0.1614032E-03  0.1566211E-03  0.1498387E-03  0.1402325E-03  0.1427631E-03  0.1696241E-03  0.1933116E-03
  0.7187500E+00  0.1814981E-03  0.1872802E-03  0.1869811E-03  0.1864414E-03  0.1851404E-03  0.1838163E-03  0.1813280E-03  0.1768181E-03  0.1717972E-03  0.1650613E-03  0.1553719E-03  0.1417589E-03  0.1392248E-03  0.1608286E-03  0.1865681E-03
  0.7239583E+00  0.2121768E-03  0.2155763E-03  0.2152443E-03  0.2146404E-03  0.2132497E-03  0.2117930E-03  0.2090737E-03  0.2042439E-03  0.1985796E-03  0.1905558E-03  0.1780682E-03  0.1594581E-03  0.1482924E-03  0.1622489E-03  0.1871737E-03
  0.7291667E+00  0.2438378E-03  0.2451806E-03  0.2448572E-03  0.2442559E-03  0.2428744E-03  0.2414414E-03  0.2387787E-03  0.2339204E-03  0.2279380E-03  0.2196419E-03  0.2057711E-03  0.1841228E-03  0.1669257E-03  0.1760379E-03  0.2012426E-03
  0.7343750E+00  0.2632592E-03  0.2632856E-03  0.2630017E-03  0.2624494E-03  0.2611458E-03  0.2598759E-03  0.2574507E-03  0.2529740E-03  0.2476054E-03  0.2396919E-03  0.2267145E-03  0.2054140E-03  0.1871243E-03  0.1955827E-03  0.2241999E-03
  0.7395833E+00  0.2666432E-03  0.2656639E-03  0.2654264E-03  0.2649381E-03  0.2637356E-03  0.2626330E-03  0.2605808E-03  0.2567228E-03  0.2524301E-03  0.2465880E-03  0.2362031E-03  0.2173485E-03  0.1990164E-03  0.2105750E-03  0.2488645E-03
  0.7447917E+00  0.2542860E-03  0.2527745E-03  0.2525835E-03  0.2521629E-03  0.2510747E-03  0.2501860E-03  0.2484424E-03  0.2451742E-03  0.2417920E-03  0.2369866E-03  0.2287780E-03  0.2121779E-03  0.1970935E-03  0.2154938E-03  0.2693184E-03
  0.7500000E+00  0.2239062E-03  0.2221382E-03  0.2219734E-03  0.2215882E-03  0.2205477E-03  0.2197517E-03  0.2182641E-03  0.2153437E-03  0.2126878E-03  0.2091088E-03  0.2023094E-03  0.1885663E-03  0.1778576E-03  0.2067089E-03  0.2822696E-03
  0.7552083E+00  0.1762565E-03  0.1747547E-03  0.1746029E-03  0.1742352E-03  0.1732334E-03  0.1725368E-03  0.1712343E-03  0.1687859E-03  0.1667376E-03  0.1645820E-03  0.1605210E-03  0.1505271E-03  0.1456023E-03  0.1869024E-03  0.2902032E-03
  0.7604167E+00  0.1172239E-03  0.1161314E-03  0.1159663E-03  0.1155712E-03  0.1145275E-03  0.1137933E-03  0.1125040E-03  0.1100815E-03  0.1083933E-03  0.1068138E-03  0.1042324E-03  0.9880258E-04  0.1018060E-03  0.1578916E-03  0.2911779E-03
  0.7656250E+00  0.4957861E-04  0.4917896E-04  0.4897865E-04  0.4852565E-04  0.4739636E-04  0.4654515E-04  0.4510549E-04  0.4253512E-04  0.4084526E-04  0.3970715E-04  0.3867404E-04  0.3563305E-04  0.4647520E-04  0.1199384E-03  0.2851666E-03
  0.7708333E+00 -0.2463791E-04 -0.2415523E-04 -0.2440629E-04 -0.2494635E-04 -0.2620421E-04 -0.2721382E-04 -0.2883579E-04 -0.3157016E-04 -0.3341544E-04 -0.3445527E-04 -0.3478746E-04 -0.3505091E-04 -0.1755791E-04  0.7262015E-04  0.2710449E-03
  0.7760417E+00 -0.9850802E-04 -0.9690050E-04 -0.9720267E-04 -0.9783335E-04 -0.9923335E-04 -0.1004464E-03 -0.1023669E-03 -0.1054260E-03 -0.1076916E-03 -0.1088524E-03 -0.1087043E-03 -0.1065965E-03 -0.8218444E-04  0.2405129E-04  0.2556404E-03
  0.7812500E+00 -0.1628791E-03 -0.1601591E-03 -0.1605275E-03 -0.1612719E-03 -0.1628430E-03 -0.1643085E-03 -0.1665518E-03 -0.1700459E-03 -0.1725852E-03 -0.1738721E-03 -0.1730350E-03 -0.1689400E-03 -0.1392554E-03 -0.1952067E-04  0.2427129E-03
  0.7864583E+00 -0.2124671E-03 -0.2090079E-03 -0.2094280E-03 -0.2102580E-03 -0.2119470E-03 -0.2135639E-03 -0.2160298E-03 -0.2197009E-03 -0.2225224E-03 -0.2239575E-03 -0.2226564E-03 -0.2165682E-03 -0.1824341E-03 -0.5262832E-04  0.2316713E-03
  0.7916667E+00 -0.2457419E-03 -0.2418913E-03 -0.2423906E-03 -0.2433533E-03 -0.2452322E-03 -0.2471049E-03 -0.2499111E-03 -0.2541491E-03 -0.2575882E-03 -0.2592852E-03 -0.2579678E-03 -0.2502410E-03 -0.2129047E-03 -0.7580706E-04  0.2201652E-03
  0.7968750E+00 -0.2659752E-03 -0.2621340E-03 -0.2627048E-03 -0.2637947E-03 -0.2658602E-03 -0.2680298E-03 -0.2712640E-03 -0.2760642E-03 -0.2804584E-03 -0.2833166E-03 -0.2827177E-03 -0.2746625E-03 -0.2357783E-03 -0.9639105E-04  0.2025144E-03
  0.8020833E+00 -0.2830410E-03 -0.2793193E-03 -0.2799878E-03 -0.2812422E-03 -0.2835683E-03 -0.2861357E-03 -0.2899749E-03 -0.2955689E-03 -0.3008969E-03 -0.3052752E-03 -0.3063479E-03 -0.2983256E-03 -0.2594640E-03 -0.1214954E-03  0.1745078E-03
  0.8072917E+00 -0.3037251E-03 -0.2999967E-03 -0.3007833E-03 -0.3022442E-03 -0.3048926E-03 -0.3079899E-03 -0.3126332E-03 -0.3194908E-03 -0.3267503E-03 -0.3337771E-03 -0.3370746E-03 -0.3304215E-03 -0.2911185E-03 -0.1530201E-03  0.1393240E-03
  0.8125000E+00 -0.3330828E-03 -0.3290320E-03 -0.3299228E-03 -0.3315625E-03 -0.3344921E-03 -0.3380145E-03 -0.3433455E-03 -0.3511668E-03 -0.3600362E-03 -0.3695597E-03 -0.3755964E-03 -0.3698930E-03 -0.3292883E-03 -0.1876373E-03  0.1025081E-03
  0.8177083E+00 -0.3714115E-03 -0.3666365E-03 -0.3676290E-03 -0.3694373E-03 -0.3726315E-03 -0.3765872E-03 -0.3826158E-03 -0.3915095E-03 -0.4017562E-03 -0.4130121E-03 -0.4206768E-03 -0.4151478E-03 -0.3720749E-03 -0.2246991E-03  0.6595788E-04
  0.8229167E+00 -0.4189201E-03 -0.4130580E-03 -0.4141357E-03 -0.4160950E-03 -0.4195355E-03 -0.4238669E-03 -0.4304401E-03 -0.4401826E-03 -0.4517142E-03 -0.4643454E-03 -0.4726807E-03 -0.4650570E-03 -0.4172413E-03 -0.2637805E-03  0.2988138E-04
  0.8281250E+00 -0.4723821E-03 -0.4651843E-03 -0.4663446E-03 -0.4684413E-03 -0.4720999E-03 -0.4767932E-03 -0.4839725E-03 -0.4944858E-03 -0.5069149E-03 -0.5203109E-03 -0.5284956E-03 -0.5186769E-03 -0.4654663E-03 -0.3058778E-03 -0.9813614E-05
  0.8333333E+00 -0.5292643E-03 -0.5202460E-03 -0.5214797E-03 -0.5237074E-03 -0.5276030E-03 -0.5326683E-03 -0.5403529E-03 -0.5515448E-03 -0.5648106E-03 -0.5787285E-03 -0.5865133E-03 -0.5737539E-03 -0.5153441E-03 -0.3515808E-03 -0.5194445E-04
  0.8385417E+00 -0.5882934E-03 -0.5771989E-03 -0.5784907E-03 -0.5808161E-03 -0.5848795E-03 -0.5902183E-03 -0.5983114E-03 -0.6100892E-03 -0.6239726E-03 -0.6384791E-03 -0.6457755E-03 -0.6297312E-03 -0.5658310E-03 -0.3978802E-03 -0.9492299E-04
  0.8437500E+00 -0.6508045E-03 -0.6374088E-03 -0.6387552E-03 -0.6411669E-03 -0.6453782E-03 -0.6509466E-03 -0.6593343E-03 -0.6713572E-03 -0.6855154E-03 -0.6998843E-03 -0.7055121E-03 -0.6859550E-03 -0.6171649E-03 -0.4459915E-03 -0.1393635E-03
  0.8489583E+00 -0.7171972E-03 -0.7013336E-03 -0.7027127E-03 -0.7051841E-03 -0.7095283E-03 -0.7153170E-03 -0.7239992E-03 -0.7364042E-03 -0.7505821E-03 -0.7644330E-03 -0.7684554E-03 -0.7450259E-03 -0.6727202E-03 -0.4998920E-03 -0.1881932E-03
  0.8541667E+00 -0.7855688E-03 -0.7671424E-03 -0.7685415E-03 -0.7710481E-03 -0.7754674E-03 -0.7813582E-03 -0.7901737E-03 -0.8026856E-03 -0.8171112E-03 -0.8310024E-03 -0.8339540E-03 -0.8076716E-03 -0.7332646E-03 -0.5596964E-03 -0.2408479E-03
  0.8593750E+00 -0.8555661E-03 -0.8343775E-03 -0.8357863E-03 -0.8383128E-03 -0.8428040E-03 -0.8488527E-03 -0.8578248E-03 -0.8703813E-03 -0.8848288E-03 -0.8983243E-03 -0.9004198E-03 -0.8722963E-03 -0.7967339E-03 -0.6231377E-03 -0.2956623E-03
  0.8645833E+00 -0.9277680E-03 -0.9037702E-03 -0.9051667E-03 -0.9076791E-03 -0.9121760E-03 -0.9182342E-03 -0.9271923E-03 -0.9396928E-03 -0.9540569E-03 -0.9672624E-03 -0.9686091E-03 -0.9393830E-03 -0.8639878E-03 -0.6913269E-03 -0.3515828E-03
  0.8697917E+00 -0.1004536E-02 -0.9775104E-03 -0.9789123E-03 -0.9814368E-03 -0.9859873E-03 -0.9921429E-03 -0.1001238E-02 -0.1013807E-02 -0.1028254E-02 -0.1041470E-02 -0.1042656E-02 -0.1013249E-02 -0.9378425E-03 -0.7652900E-03 -0.4106981E-03
  0.8750000E+00 -0.1086097E-02 -0.1055853E-02 -0.1057253E-02 -0.1059779E-02 -0.1064380E-02 -0.1070657E-02 -0.1079910E-02 -0.1092617E-02 -0.1107414E-02 -0.1121146E-02 -0.1123106E-02 -0.1094721E-02 -0.1021031E-02 -0.8477097E-03 -0.4736175E-03
  0.8802083E+00 -0.1173154E-02 -0.1139517E-02 -0.1140931E-02 -0.1143489E-02 -0.1148195E-02 -0.1154654E-02 -0.1164145E-02 -0.1177228E-02 -0.1192555E-02 -0.1207415E-02 -0.1211117E-02 -0.1185342E-02 -0.1113160E-02 -0.9361272E-03 -0.5390106E-03
  0.8854167E+00 -0.1266809E-02 -0.1229621E-02 -0.1231053E-02 -0.1233643E-02 -0.1238461E-02 -0.1245130E-02 -0.1254913E-02 -0.1268407E-02 -0.1284363E-02 -0.1300720E-02 -0.1306733E-02 -0.1283957E-02 -0.1212311E-02 -0.1029515E-02 -0.6091810E-03
  0.8906250E+00 -0.1366794E-02 -0.1325910E-02 -0.1327384E-02 -0.1330046E-02 -0.1335019E-02 -0.1341946E-02 -0.1352163E-02 -0.1366252E-02 -0.1383114E-02 -0.1400420E-02 -0.1407998E-02 -0.1387643E-02 -0.1316460E-02 -0.1126008E-02 -0.6810677E-03
  0.8958333E+00 -0.1471946E-02 -0.1427264E-02 -0.1428760E-02 -0.1431465E-02 -0.1436556E-02 -0.1443684E-02 -0.1454180E-02 -0.1468712E-02 -0.1486312E-02 -0.1504307E-02 -0.1512617E-02 -0.1493786E-02 -0.1423664E-02 -0.1224957E-02 -0.7508919E-03
  0.9010417E+00 -0.1581555E-02 -0.1533088E-02 -0.1534607E-02 -0.1537344E-02 -0.1542516E-02 -0.1549785E-02 -0.1560469E-02 -0.1575094E-02 -0.1592814E-02 -0.1611220E-02 -0.1619847E-02 -0.1601097E-02 -0.1530854E-02 -0.1322913E-02 -0.8155780E-03
  0.9062500E+00 -0.1697952E-02 -0.1645580E-02 -0.1647114E-02 -0.1649868E-02 -0.1655098E-02 -0.1662429E-02 -0.1673153E-02 -0.1687718E-02 -0.1705003E-02 -0.1722107E-02 -0.1728933E-02 -0.1706916E-02 -0.1633265E-02 -0.1415754E-02 -0.8704181E-03
  0.9114583E+00 -0.1817548E-02 -0.1761473E-02 -0.1763003E-02 -0.1765733E-02 -0.1770931E-02 -0.1778177E-02 -0.1788695E-02 -0.1802721E-02 -0.1819000E-02 -0.1834239E-02 -0.1837794E-02 -0.1810092E-02 -0.1729462E-02 -0.1498024E-02 -0.9132067E-03
  0.9166667E+00 -0.1935002E-02 -0.1875419E-02 -0.1876953E-02 -0.1879680E-02 -0.1884866E-02 -0.1892042E-02 -0.1902276E-02 -0.1915664E-02 -0.1930693E-02 -0.1943703E-02 -0.1942564E-02 -0.1908229E-02 -0.1818546E-02 -0.1570533E-02 -0.9417196E-03
  0.9218750E+00 -0.2046573E-02 -0.1983760E-02 -0.1985271E-02 -0.1987948E-02 -0.1993069E-02 -0.2000113E-02 -0.2010120E-02 -0.2022910E-02 -0.2036682E-02 -0.2047309E-02 -0.2042082E-02 -0.2000247E-02 -0.1899222E-02 -0.1632830E-02 -0.9556666E-03
  0.9270833E+00 -0.2146447E-02 -0.2080851E-02 -0.2082352E-02 -0.2085004E-02 -0.2090080E-02 -0.2097004E-02 -0.2106738E-02 -0.2118941E-02 -0.2131592E-02 -0.2140070E-02 -0.2130884E-02 -0.2082653E-02 -0.1970189E-02 -0.1681110E-02 -0.9541026E-03
  0.9322917E+00 -0.2226873E-02 -0.2159136E-02 -0.2160634E-02 -0.2163278E-02 -0.2168345E-02 -0.2175231E-02 -0.2184866E-02 -0.2196792E-02 -0.2208772E-02 -0.2215670E-02 -0.2203646E-02 -0.2150220E-02 -0.2025495E-02 -0.1709802E-02 -0.9337158E-03
  0.9375000E+00 -0.2282155E-02 -0.2213030E-02 -0.2214541E-02 -0.2217213E-02 -0.2222324E-02 -0.2229288E-02 -0.2238988E-02 -0.2250758E-02 -0.2262373E-02 -0.2268564E-02 -0.2254619E-02 -0.2195659E-02 -0.2058998E-02 -0.1715434E-02 -0.8942183E-03
  0.9427083E+00 -0.2309143E-02 -0.2239284E-02 -0.2240788E-02 -0.2243453E-02 -0.2248546E-02 -0.2255493E-02 -0.2265173E-02 -0.2276840E-02 -0.2288058E-02 -0.2293434E-02 -0.2277427E-02 -0.2214522E-02 -0.2066096E-02 -0.1697800E-02 -0.8409098E-03
  0.9479167E+00 -0.2308093E-02 -0.2238115E-02 -0.2239606E-02 -0.2242264E-02 -0.2247339E-02 -0.2254221E-02 -0.2263803E-02 -0.2275398E-02 -0.2286396E-02 -0.2291033E-02 -0.2273369E-02 -0.2206868E-02 -0.2048544E-02 -0.1661894E-02 -0.7799345E-03
  0.9531250E+00 -0.2284439E-02 -0.2214781E-02 -0.2216251E-02 -0.2218886E-02 -0.2223891E-02 -0.2230659E-02 -0.2240098E-02 -0.2251436E-02 -0.2262083E-02 -0.2265532E-02 -0.2245871E-02 -0.2175648E-02 -0.2010103E-02 -0.1610722E-02 -0.7133268E-03
  0.9583333E+00 -0.2244027E-02 -0.2175113E-02 -0.2176532E-02 -0.2179101E-02 -0.2183978E-02 -0.2190571E-02 -0.2199724E-02 -0.2210468E-02 -0.2219950E-02 -0.2222200E-02 -0.2200137E-02 -0.2126945E-02 -0.1956163E-02 -0.1549901E-02 -0.6452250E-03
  0.9635417E+00 -0.2195500E-02 -0.2127351E-02 -0.2128701E-02 -0.2131175E-02 -0.2135877E-02 -0.2142158E-02 -0.2150758E-02 -0.2160648E-02 -0.2168911E-02 -0.2169435E-02 -0.2144924E-02 -0.2068723E-02 -0.1894030E-02 -0.1484842E-02 -0.5796157E-03
  0.9687500E+00 -0.2146019E-02 -0.2078591E-02 -0.2079846E-02 -0.2082181E-02 -0.2086644E-02 -0.2092568E-02 -0.2100678E-02 -0.2109831E-02 -0.2117154E-02 -0.2116066E-02 -0.2088968E-02 -0.2009506E-02 -0.1832543E-02 -0.1422917E-02 -0.5205105E-03
  0.9739583E+00 -0.2101388E-02 -0.2034668E-02 -0.2035844E-02 -0.2038072E-02 -0.2042341E-02 -0.2047940E-02 -0.2055478E-02 -0.2063677E-02 -0.2069466E-02 -0.2066463E-02 -0.2036879E-02 -0.1954579E-02 -0.1776164E-02 -0.1367911E-02 -0.4711710E-03
  0.9791667E+00 -0.2061561E-02 -0.1995515E-02 -0.1996598E-02 -0.1998690E-02 -0.2002707E-02 -0.2007913E-02 -0.2014885E-02 -0.2022182E-02 -0.2026780E-02 -0.2021897E-02 -0.1989857E-02 -0.1905139E-02 -0.1725358E-02 -0.1319475E-02 -0.4325819E-03
  0.9843750E+00 -0.2025101E-02 -0.1959680E-02 -0.1960676E-02 -0.1962651E-02 -0.1966476E-02 -0.1971343E-02 -0.1977796E-02 -0.1984346E-02 -0.1987818E-02 -0.1981480E-02 -0.1947540E-02 -0.1860105E-02 -0.1679604E-02 -0.1277667E-02 -0.4046394E-03
  0.9895833E+00 -0.1989694E-02 -0.1924874E-02 -0.1925812E-02 -0.1927713E-02 -0.1931415E-02 -0.1936121E-02 -0.1942340E-02 -0.1948448E-02 -0.1950997E-02 -0.1943263E-02 -0.1907319E-02 -0.1818190E-02 -0.1636777E-02 -0.1240058E-02 -0.3838727E-03
  0.9947917E+00 -0.1952046E-02 -0.1887719E-02 -0.1888609E-02 -0.1890463E-02 -0.1894098E-02 -0.1898698E-02 -0.1904703E-02 -0.1910428E-02 -0.1912539E-02 -0.1904052E-02 -0.1866846E-02 -0.1775907E-02 -0.1593220E-02 -0.1202558E-02 -0.3663570E-03
  0.1000000E+01 -0.1911372E-02 -0.1847500E-02 -0.1848372E-02 -0.1850231E-02 -0.1853864E-02 -0.1858450E-02 -0.1864442E-02 -0.1870083E-02 -0.1871818E-02 -0.1863009E-02 -0.1825156E-02 -0.1732791E-02 -0.1549475E-02 -0.1164861E-02 -0.3491961E-03
  0.1005208E+01 -0.1868398E-02 -0.1804951E-02 -0.1805796E-02 -0.1807643E-02 -0.1811255E-02 -0.1815840E-02 -0.1821825E-02 -0.1827454E-02 -0.1829337E-02 -0.1820366E-02 -0.1782619E-02 -0.1690522E-02 -0.1507352E-02 -0.1126403E-02 -0.3307493E-03
  0.1010417E+01 -0.1824613E-02 -0.1761573E-02 -0.1762402E-02 -0.1764251E-02 -0.1767879E-02 -0.1772510E-02 -0.1778529E-02 -0.1784229E-02 -0.1786178E-02 -0.1777394E-02 -0.1739619E-02 -0.1647847E-02 -0.1463618E-02 -0.1085366E-02 -0.3093253E-03
  0.1015625E+01 -0.1779386E-02 -0.1716778E-02 -0.1717574E-02 -0.1719396E-02 -0.1722964E-02 -0.1727510E-02 -0.1733428E-02 -0.1738966E-02 -0.1740629E-02 -0.1731840E-02 -0.1694205E-02 -0.1602088E-02 -0.1415573E-02 -0.1038092E-02 -0.2854926E-03
  0.1020833E+01 -0.1729586E-02 -0.1667580E-02 -0.1668333E-02 -0.1670105E-02 -0.1673581E-02 -0.1677966E-02 -0.1683695E-02 -0.1688943E-02 -0.1690237E-02 -0.1680980E-02 -0.1642732E-02 -0.1549402E-02 -0.1359671E-02 -0.9843895E-03 -0.2597345E-03
  0.1026042E+01 -0.1674437E-02 -0.1613132E-02 -0.1613842E-02 -0.1615555E-02 -0.1618907E-02 -0.1623087E-02 -0.1628509E-02 -0.1633266E-02 -0.1633828E-02 -0.1623688E-02 -0.1584133E-02 -0.1488621E-02 -0.1295464E-02 -0.9249655E-03 -0.2316259E-03
  0.1031250E+01 -0.1612778E-02 -0.1552313E-02 -0.1552977E-02 -0.1554639E-02 -0.1557891E-02 -0.1561902E-02 -0.1567004E-02 -0.1571189E-02 -0.1570626E-02 -0.1558929E-02 -0.1518015E-02 -0.1421283E-02 -0.1226306E-02 -0.8634431E-03 -0.2012512E-03
  0.1036458E+01 -0.1547556E-02 -0.1487908E-02 -0.1488512E-02 -0.1490081E-02 -0.1493147E-02 -0.1496859E-02 -0.1501550E-02 -0.1505084E-02 -0.1503608E-02 -0.1490331E-02 -0.1448294E-02 -0.1351008E-02 -0.1159364E-02 -0.8063266E-03 -0.1731063E-03
  0.1041667E+01 -0.1481476E-02 -0.1422683E-02 -0.1423260E-02 -0.1424801E-02 -0.1427784E-02 -0.1431311E-02 -0.1435663E-02 -0.1438621E-02 -0.1436258E-02 -0.1421909E-02 -0.1378815E-02 -0.1283412E-02 -0.1099263E-02 -0.7595740E-03 -0.1506786E-03
  0.1046875E+01 -0.1415285E-02 -0.1357426E-02 -0.1357990E-02 -0.1359527E-02 -0.1362483E-02 -0.1365955E-02 -0.1370222E-02 -0.1373005E-02 -0.1370469E-02 -0.1356072E-02 -0.1313514E-02 -0.1221855E-02 -0.1047657E-02 -0.7246183E-03 -0.1372517E-03
  0.1052083E+01 -0.1348275E-02 -0.1291289E-02 -0.1291885E-02 -0.1293488E-02 -0.1296519E-02 -0.1300099E-02 -0.1304591E-02 -0.1307689E-02 -0.1305615E-02 -0.1292365E-02 -0.1252466E-02 -0.1166873E-02 -0.1004988E-02 -0.7017264E-03 -0.1337776E-03
  0.1057292E+01 -0.1279884E-02 -0.1223887E-02 -0.1224524E-02 -0.1226211E-02 -0.1229359E-02 -0.1233125E-02 -0.1237907E-02 -0.1241606E-02 -0.1240559E-02 -0.1229279E-02 -0.1193842E-02 -0.1116964E-02 -0.9711582E-03 -0.6897520E-03 -0.1394762E-03
  0.1062500E+01 -0.1211999E-02 -0.1157004E-02 -0.1157695E-02 -0.1159488E-02 -0.1162798E-02 -0.1166843E-02 -0.1172091E-02 -0.1176603E-02 -0.1177214E-02 -0.1168613E-02 -0.1138731E-02 -0.1072946E-02 -0.9463994E-03 -0.6873621E-03 -0.1514351E-03
  0.1067708E+01 -0.1152684E-02 -0.1098498E-02 -0.1099249E-02 -0.1101159E-02 -0.1104642E-02 -0.1108992E-02 -0.1114825E-02 -0.1120220E-02 -0.1122393E-02 -0.1117059E-02 -0.1092927E-02 -0.1038230E-02 -0.9310998E-03 -0.6928867E-03 -0.1672497E-03
  0.1072917E+01 -0.1109926E-02 -0.1056223E-02 -0.1057027E-02 -0.1059041E-02 -0.1062701E-02 -0.1067356E-02 -0.1073778E-02 -0.1080136E-02 -0.1084027E-02 -0.1081509E-02 -0.1062583E-02 -0.1017750E-02 -0.9265020E-03 -0.7044348E-03 -0.1853941E-03
  0.1078125E+01 -0.1087872E-02 -0.1034156E-02 -0.1035030E-02 -0.1037174E-02 -0.1041058E-02 -0.1046070E-02 -0.1053010E-02 -0.1060321E-02 -0.1065717E-02 -0.1065746E-02 -0.1051105E-02 -0.1013747E-02 -0.9338925E-03 -0.7215663E-03 -0.2042907E-03
  0.1083333E+01 -0.1086681E-02 -0.1032374E-02 -0.1033279E-02 -0.1035481E-02 -0.1039480E-02 -0.1044727E-02 -0.1052153E-02 -0.1060204E-02 -0.1066658E-02 -0.1068609E-02 -0.1057162E-02 -0.1025324E-02 -0.9520462E-03 -0.7433414E-03 -0.2236044E-03
  0.1088542E+01 -0.1105356E-02 -0.1050059E-02 -0.1050995E-02 -0.1053248E-02 -0.1057347E-02 -0.1062748E-02 -0.1070395E-02 -0.1078927E-02 -0.1086069E-02 -0.1088789E-02 -0.1078251E-02 -0.1048583E-02 -0.9775096E-03 -0.7674884E-03 -0.2384103E-03
  0.1093750E+01 -0.1140184E-02 -0.1083491E-02 -0.1084436E-02 -0.1086698E-02 -0.1090834E-02 -0.1096310E-02 -0.1104105E-02 -0.1112828E-02 -0.1120184E-02 -0.1122991E-02 -0.1112333E-02 -0.1082805E-02 -0.1010232E-02 -0.7922038E-03 -0.2470289E-03
  0.1098958E+01 -0.1186164E-02 -0.1127842E-02 -0.1128775E-02 -0.1131015E-02 -0.1135159E-02 -0.1140630E-02 -0.1148493E-02 -0.1157316E-02 -0.1164711E-02 -0.1167286E-02 -0.1156178E-02 -0.1126044E-02 -0.1049987E-02 -0.8182248E-03 -0.2492034E-03
  0.1104167E+01 -0.1243172E-02 -0.1183136E-02 -0.1184054E-02 -0.1186261E-02 -0.1190373E-02 -0.1195823E-02 -0.1203656E-02 -0.1212327E-02 -0.1219615E-02 -0.1221951E-02 -0.1209863E-02 -0.1177400E-02 -0.1094360E-02 -0.8438499E-03 -0.2446527E-03
  0.1109375E+01 -0.1310849E-02 -0.1248940E-02 -0.1249834E-02 -0.1251985E-02 -0.1256042E-02 -0.1261398E-02 -0.1269033E-02 -0.1277474E-02 -0.1284236E-02 -0.1285658E-02 -0.1271396E-02 -0.1233840E-02 -0.1139510E-02 -0.8652343E-03 -0.2334824E-03
  0.1114583E+01 -0.1383411E-02 -0.1319645E-02 -0.1320494E-02 -0.1322564E-02 -0.1326530E-02 -0.1331717E-02 -0.1339076E-02 -0.1346997E-02 -0.1352575E-02 -0.1352182E-02 -0.1334276E-02 -0.1289021E-02 -0.1179704E-02 -0.8801743E-03 -0.2193177E-03
  0.1119792E+01 -0.1455425E-02 -0.1389866E-02 -0.1390657E-02 -0.1392610E-02 -0.1396388E-02 -0.1401252E-02 -0.1408078E-02 -0.1415169E-02 -0.1419389E-02 -0.1416516E-02 -0.1393569E-02 -0.1339393E-02 -0.1214259E-02 -0.8926396E-03 -0.2070114E-03
  0.1125000E+01 -0.1526297E-02 -0.1458858E-02 -0.1459570E-02 -0.1461376E-02 -0.1464964E-02 -0.1469530E-02 -0.1475834E-02 -0.1481806E-02 -0.1484112E-02 -0.1478237E-02 -0.1450215E-02 -0.1387841E-02 -0.1250250E-02 -0.9094557E-03 -0.2021436E-03
  0.1130208E+01 -0.1596845E-02 -0.1527490E-02 -0.1528145E-02 -0.1529824E-02 -0.1533230E-02 -0.1537473E-02 -0.1543217E-02 -0.1548273E-02 -0.1548980E-02 -0.1540607E-02 -0.1509588E-02 -0.1442116E-02 -0.1295804E-02 -0.9385621E-03 -0.2088780E-03
  0.1135417E+01 -0.1670695E-02 -0.1599237E-02 -0.1599877E-02 -0.1601504E-02 -0.1604865E-02 -0.1609014E-02 -0.1614605E-02 -0.1619395E-02 -0.1619612E-02 -0.1610444E-02 -0.1578225E-02 -0.1509295E-02 -0.1357842E-02 -0.9870212E-03 -0.2307372E-03
  0.1140625E+01 -0.1752124E-02 -0.1678420E-02 -0.1679092E-02 -0.1680754E-02 -0.1684198E-02 -0.1688528E-02 -0.1694375E-02 -0.1699693E-02 -0.1700536E-02 -0.1692093E-02 -0.1661426E-02 -0.1593773E-02 -0.1439839E-02 -0.1055836E-02 -0.2670911E-03
  0.1145833E+01 -0.1841671E-02 -0.1765677E-02 -0.1766432E-02 -0.1768204E-02 -0.1771887E-02 -0.1776609E-02 -0.1783138E-02 -0.1789466E-02 -0.1792003E-02 -0.1786407E-02 -0.1759566E-02 -0.1695597E-02 -0.1540060E-02 -0.1142397E-02 -0.3153119E-03
  0.1151042E+01 -0.1937334E-02 -0.1859045E-02 -0.1859923E-02 -0.1861870E-02 -0.1865889E-02 -0.1871183E-02 -0.1878728E-02 -0.1886749E-02 -0.1892152E-02 -0.1891209E-02 -0.1870238E-02 -0.1811546E-02 -0.1654430E-02 -0.1240191E-02 -0.3722912E-03
  0.1156250E+01 -0.2035785E-02 -0.1955435E-02 -0.1956480E-02 -0.1958684E-02 -0.1963158E-02 -0.1969247E-02 -0.1978071E-02 -0.1988172E-02 -0.1996857E-02 -0.2000718E-02 -0.1986486E-02 -0.1933972E-02 -0.1774328E-02 -0.1340167E-02 -0.4289696E-03
  0.1161458E+01 -0.2134610E-02 -0.2052363E-02 -0.2053544E-02 -0.2055952E-02 -0.2060818E-02 -0.2067558E-02 -0.2077515E-02 -0.2089558E-02 -0.2100934E-02 -0.2108759E-02 -0.2100101E-02 -0.2053232E-02 -0.1890950E-02 -0.1433378E-02 -0.4764537E-03
  0.1166667E+01 -0.2232107E-02 -0.2148098E-02 -0.2149392E-02 -0.2151961E-02 -0.2157126E-02 -0.2164405E-02 -0.2175236E-02 -0.2188488E-02 -0.2201769E-02 -0.2212105E-02 -0.2206517E-02 -0.2162363E-02 -0.1995642E-02 -0.1514328E-02 -0.5064118E-03
  0.1171875E+01 -0.2324919E-02 -0.2239279E-02 -0.2240680E-02 -0.2243398E-02 -0.2248836E-02 -0.2256547E-02 -0.2268097E-02 -0.2282463E-02 -0.2297346E-02 -0.2309451E-02 -0.2304953E-02 -0.2259384E-02 -0.2084023E-02 -0.1578273E-02 -0.5137403E-03
  0.1177083E+01 -0.2408905E-02 -0.2321877E-02 -0.2323378E-02 -0.2326242E-02 -0.2331952E-02 -0.2340178E-02 -0.2352579E-02 -0.2368279E-02 -0.2384860E-02 -0.2398828E-02 -0.2394859E-02 -0.2345766E-02 -0.2157263E-02 -0.1621252E-02 -0.4949556E-03
  0.1182292E+01 -0.2481308E-02 -0.2393156E-02 -0.2394757E-02 -0.2397766E-02 -0.2403758E-02 -0.2412484E-02 -0.2425678E-02 -0.2442456E-02 -0.2460666E-02 -0.2476194E-02 -0.2473099E-02 -0.2420567E-02 -0.2216108E-02 -0.1642404E-02 -0.4512460E-03
  0.1187500E+01 -0.2535095E-02 -0.2446187E-02 -0.2447864E-02 -0.2450982E-02 -0.2457170E-02 -0.2466211E-02 -0.2479996E-02 -0.2497832E-02 -0.2517304E-02 -0.2534128E-02 -0.2531793E-02 -0.2475888E-02 -0.2254767E-02 -0.1639383E-02 -0.3885207E-03
  0.1192708E+01 -0.2562729E-02 -0.2473403E-02 -0.2475120E-02 -0.2478281E-02 -0.2484569E-02 -0.2493840E-02 -0.2508003E-02 -0.2526235E-02 -0.2546354E-02 -0.2564019E-02 -0.2561862E-02 -0.2502828E-02 -0.2265804E-02 -0.1609350E-02 -0.3125428E-03
  0.1197917E+01 -0.2561456E-02 -0.2472146E-02 -0.2473857E-02 -0.2477003E-02 -0.2483269E-02 -0.2492498E-02 -0.2506556E-02 -0.2524671E-02 -0.2544735E-02 -0.2561759E-02 -0.2558800E-02 -0.2495813E-02 -0.2243134E-02 -0.1553843E-02 -0.2294621E-03
  0.1203125E+01 -0.2532578E-02 -0.2443655E-02 -0.2445321E-02 -0.2448371E-02 -0.2454479E-02 -0.2463491E-02 -0.2477245E-02 -0.2494920E-02 -0.2513898E-02 -0.2529523E-02 -0.2524627E-02 -0.2457348E-02 -0.2190484E-02 -0.1480678E-02 -0.1516767E-03
  0.1208333E+01 -0.2481728E-02 -0.2393546E-02 -0.2395128E-02 -0.2398031E-02 -0.2403889E-02 -0.2412508E-02 -0.2425660E-02 -0.2442241E-02 -0.2459800E-02 -0.2473478E-02 -0.2466161E-02 -0.2394441E-02 -0.2118437E-02 -0.1400623E-02 -0.8753126E-04
  0.1213542E+01 -0.2419020E-02 -0.2331913E-02 -0.2333387E-02 -0.2336093E-02 -0.2341601E-02 -0.2349643E-02 -0.2361861E-02 -0.2376918E-02 -0.2392339E-02 -0.2402983E-02 -0.2392607E-02 -0.2317287E-02 -0.2036882E-02 -0.1321183E-02 -0.3427015E-04
  0.1218750E+01 -0.2353300E-02 -0.2267424E-02 -0.2268750E-02 -0.2271198E-02 -0.2276259E-02 -0.2283540E-02 -0.2294477E-02 -0.2307534E-02 -0.2319781E-02 -0.2326554E-02 -0.2311846E-02 -0.2232158E-02 -0.1949489E-02 -0.1240912E-02  0.1823890E-04
  0.1223958E+01 -0.2289496E-02 -0.2204859E-02 -0.2205998E-02 -0.2208124E-02 -0.2212636E-02 -0.2219019E-02 -0.2228425E-02 -0.2239000E-02 -0.2247536E-02 -0.2249345E-02 -0.2228345E-02 -0.2142253E-02 -0.1855817E-02 -0.1154244E-02  0.7784192E-04
  0.1229167E+01 -0.2230925E-02 -0.2147526E-02 -0.2148440E-02 -0.2150168E-02 -0.2153948E-02 -0.2159169E-02 -0.2166704E-02 -0.2174318E-02 -0.2178400E-02 -0.2173896E-02 -0.2144730E-02 -0.2048893E-02 -0.1755553E-02 -0.1056548E-02  0.1486495E-03
  0.1234375E+01 -0.2178637E-02 -0.2096398E-02 -0.2097070E-02 -0.2098377E-02 -0.2101445E-02 -0.2105417E-02 -0.2110905E-02 -0.2115250E-02 -0.2114228E-02 -0.2102544E-02 -0.2063189E-02 -0.1955220E-02 -0.1652030E-02 -0.9499533E-03  0.2257356E-03
  0.1239583E+01 -0.2130614E-02 -0.2049479E-02 -0.2049898E-02 -0.2050767E-02 -0.2053079E-02 -0.2055850E-02 -0.2059295E-02 -0.2060155E-02 -0.2053917E-02 -0.2034336E-02 -0.1984091E-02 -0.1862978E-02 -0.1547966E-02 -0.8422091E-03  0.3000939E-03
  0.1244792E+01 -0.2081728E-02 -0.2001768E-02 -0.2001948E-02 -0.2002405E-02 -0.2003987E-02 -0.2005503E-02 -0.2006930E-02 -0.2004481E-02 -0.1993183E-02 -0.1966006E-02 -0.1905051E-02 -0.1771296E-02 -0.1445539E-02 -0.7413176E-03  0.3640287E-03
  0.1250000E+01 -0.2027938E-02 -0.1949242E-02 -0.1949187E-02 -0.1949240E-02 -0.1950138E-02 -0.1950547E-02 -0.1950081E-02 -0.1944550E-02 -0.1928243E-02 -0.1894050E-02 -0.1823330E-02 -0.1678613E-02 -0.1346540E-02 -0.6531445E-03  0.4146520E-03
  0.1255208E+01 -0.1965949E-02 -0.1888777E-02 -0.1888513E-02 -0.1888206E-02 -0.1888470E-02 -0.1887819E-02 -0.1885623E-02 -0.1877236E-02 -0.1856388E-02 -0.1815246E-02 -0.1735642E-02 -0.1582534E-02 -0.1249958E-02 -0.5769676E-03  0.4520855E-03
  0.1260417E+01 -0.1896812E-02 -0.1821366E-02 -0.1820882E-02 -0.1820213E-02 -0.1819851E-02 -0.1818163E-02 -0.1814282E-02 -0.1803182E-02 -0.1777816E-02 -0.1730105E-02 -0.1642846E-02 -0.1484379E-02 -0.1157306E-02 -0.5116035E-03  0.4806435E-03
  0.1265625E+01 -0.1824028E-02 -0.1750434E-02 -0.1749734E-02 -0.1748698E-02 -0.1747701E-02 -0.1744993E-02 -0.1739418E-02 -0.1725557E-02 -0.1695963E-02 -0.1642260E-02 -0.1548431E-02 -0.1387183E-02 -0.1069147E-02 -0.4544106E-03  0.5051519E-03
  0.1270833E+01 -0.1750938E-02 -0.1679271E-02 -0.1678368E-02 -0.1676996E-02 -0.1675406E-02 -0.1671695E-02 -0.1664399E-02 -0.1647744E-02 -0.1613882E-02 -0.1554323E-02 -0.1454754E-02 -0.1293028E-02 -0.9859223E-03 -0.4019792E-03  0.5301201E-03
  0.1276042E+01 -0.1679733E-02 -0.1609975E-02 -0.1608864E-02 -0.1607142E-02 -0.1604954E-02 -0.1600268E-02 -0.1591453E-02 -0.1572277E-02 -0.1534486E-02 -0.1469656E-02 -0.1365190E-02 -0.1204586E-02 -0.9109797E-03 -0.3552890E-03  0.5574846E-03
  0.1281250E+01 -0.1612649E-02 -0.1544718E-02 -0.1543429E-02 -0.1541410E-02 -0.1538698E-02 -0.1533190E-02 -0.1522996E-02 -0.1501706E-02 -0.1460746E-02 -0.1391680E-02 -0.1284085E-02 -0.1126553E-02 -0.8481651E-03 -0.3162157E-03  0.5886304E-03
  0.1286458E+01 -0.1552515E-02 -0.1486267E-02 -0.1484854E-02 -0.1482625E-02 -0.1479564E-02 -0.1473458E-02 -0.1462306E-02 -0.1439620E-02 -0.1396678E-02 -0.1325312E-02 -0.1216583E-02 -0.1063525E-02 -0.8000949E-03 -0.2850739E-03  0.6236632E-03
  0.1291667E+01 -0.1500724E-02 -0.1435898E-02 -0.1434411E-02 -0.1432067E-02 -0.1428823E-02 -0.1422482E-02 -0.1411032E-02 -0.1387887E-02 -0.1344207E-02 -0.1272241E-02 -0.1164641E-02 -0.1016874E-02 -0.7655812E-03 -0.2597178E-03  0.6631143E-03
  0.1296875E+01 -0.1456881E-02 -0.1393315E-02 -0.1391817E-02 -0.1389462E-02 -0.1386201E-02 -0.1379900E-02 -0.1368562E-02 -0.1345646E-02 -0.1302457E-02 -0.1231602E-02 -0.1127061E-02 -0.9845412E-03 -0.7414564E-03 -0.2367528E-03  0.7055522E-03
  0.1302083E+01 -0.1417485E-02 -0.1355021E-02 -0.1353568E-02 -0.1351294E-02 -0.1348174E-02 -0.1342134E-02 -0.1331325E-02 -0.1309301E-02 -0.1267727E-02 -0.1199455E-02 -0.1098725E-02 -0.9603471E-03 -0.7213307E-03 -0.2111506E-03  0.7485493E-03
  0.1307292E+01 -0.1378359E-02 -0.1316854E-02 -0.1315486E-02 -0.1313358E-02 -0.1310483E-02 -0.1304877E-02 -0.1294822E-02 -0.1274170E-02 -0.1234884E-02 -0.1169916E-02 -0.1073002E-02 -0.9377489E-03 -0.6991160E-03 -0.1796464E-03  0.7882473E-03
  0.1312500E+01 -0.1336950E-02 -0.1276272E-02 -0.1275031E-02 -0.1273119E-02 -0.1270589E-02 -0.1265575E-02 -0.1256511E-02 -0.1237493E-02 -0.1200957E-02 -0.1139607E-02 -0.1046433E-02 -0.9129295E-03 -0.6706700E-03 -0.1404033E-03  0.8233192E-03
  0.1317708E+01 -0.1294585E-02 -0.1234584E-02 -0.1233488E-02 -0.1231816E-02 -0.1229712E-02 -0.1225435E-02 -0.1217576E-02 -0.1200440E-02 -0.1166681E-02 -0.1109156E-02 -0.1019413E-02 -0.8866228E-03 -0.6379933E-03 -0.9432196E-04  0.8555631E-03
  0.1322917E+01 -0.1254337E-02 -0.1194898E-02 -0.1193958E-02 -0.1192549E-02 -0.1190887E-02 -0.1187378E-02 -0.1180837E-02 -0.1165741E-02 -0.1135009E-02 -0.1081222E-02 -0.9948419E-03 -0.8612277E-03 -0.6039750E-03 -0.4417444E-04  0.8848358E-03
  0.1328125E+01 -0.1220012E-02 -0.1161033E-02 -0.1160273E-02 -0.1159166E-02 -0.1158012E-02 -0.1155312E-02 -0.1150013E-02 -0.1136997E-02 -0.1109058E-02 -0.1059012E-02 -0.9751613E-03 -0.8396362E-03 -0.5720186E-03  0.5380718E-05  0.9076912E-03
  0.1333333E+01 -0.1192366E-02 -0.1133742E-02 -0.1133148E-02 -0.1132327E-02 -0.1131667E-02 -0.1129810E-02 -0.1125851E-02 -0.1114867E-02 -0.1089799E-02 -0.1043117E-02 -0.9610530E-03 -0.8221091E-03 -0.5433596E-03  0.5174347E-04  0.9242587E-03
  0.1338542E+01 -0.1172297E-02 -0.1113916E-02 -0.1113494E-02 -0.1112969E-02 -0.1112815E-02 -0.1111763E-02 -0.1109070E-02 -0.1099982E-02 -0.1077547E-02 -0.1033567E-02 -0.9527626E-03 -0.8101139E-03 -0.5187545E-03  0.9213645E-04  0.9336428E-03
  0.1343750E+01 -0.1158116E-02 -0.1099849E-02 -0.1099576E-02 -0.1099299E-02 -0.1099566E-02 -0.1099268E-02 -0.1097904E-02 -0.1090841E-02 -0.1071067E-02 -0.1030090E-02 -0.9498747E-03 -0.8025360E-03 -0.4978829E-03  0.1247587E-03  0.9345430E-03
  0.1348958E+01 -0.1150802E-02 -0.1092532E-02 -0.1092395E-02 -0.1092363E-02 -0.1093065E-02 -0.1093492E-02 -0.1093259E-02 -0.1087947E-02 -0.1070791E-02 -0.1032446E-02 -0.9522515E-03 -0.7990715E-03 -0.4812862E-03  0.1471338E-03  0.9243444E-03
  0.1354167E+01 -0.1148930E-02 -0.1090616E-02 -0.1090616E-02 -0.1090812E-02 -0.1091895E-02 -0.1092967E-02 -0.1093786E-02 -0.1090157E-02 -0.1075108E-02 -0.1038752E-02 -0.9581642E-03 -0.7992435E-03 -0.4709853E-03  0.1560098E-03  0.8994101E-03
  0.1359375E+01 -0.1147214E-02 -0.1089031E-02 -0.1089149E-02 -0.1089560E-02 -0.1091031E-02 -0.1092711E-02 -0.1094474E-02 -0.1092266E-02 -0.1079121E-02 -0.1044463E-02 -0.9640038E-03 -0.8020849E-03 -0.4700363E-03  0.1478713E-03  0.8573549E-03
  0.1364583E+01 -0.1141843E-02 -0.1083921E-02 -0.1084169E-02 -0.1084803E-02 -0.1086658E-02 -0.1088973E-02 -0.1091708E-02 -0.1090995E-02 -0.1079964E-02 -0.1047909E-02 -0.9695326E-03 -0.8085425E-03 -0.4801744E-03  0.1218754E-03  0.7992778E-03
  0.1369792E+01 -0.1136849E-02 -0.1079357E-02 -0.1079760E-02 -0.1080665E-02 -0.1082974E-02 -0.1086086E-02 -0.1090107E-02 -0.1091389E-02 -0.1083200E-02 -0.1055361E-02 -0.9817659E-03 -0.8257812E-03 -0.5051926E-03  0.7932007E-04  0.7278418E-03
  0.1375000E+01 -0.1140695E-02 -0.1083561E-02 -0.1084147E-02 -0.1085382E-02 -0.1088286E-02 -0.1092370E-02 -0.1097952E-02 -0.1101776E-02 -0.1097612E-02 -0.1075143E-02 -0.1008211E-02 -0.8590890E-03 -0.5473880E-03  0.2164222E-04  0.6457637E-03
  0.1380208E+01 -0.1159445E-02 -0.1102398E-02 -0.1103196E-02 -0.1104808E-02 -0.1108362E-02 -0.1113537E-02 -0.1120942E-02 -0.1127598E-02 -0.1127508E-02 -0.1110781E-02 -0.1050414E-02 -0.9087132E-03 -0.6061999E-03 -0.4939112E-04  0.5562985E-03
  0.1385417E+01 -0.1194119E-02 -0.1136733E-02 -0.1137722E-02 -0.1139680E-02 -0.1143866E-02 -0.1150131E-02 -0.1159335E-02 -0.1168802E-02 -0.1172744E-02 -0.1161518E-02 -0.1107619E-02 -0.9726050E-03 -0.6774152E-03 -0.1295270E-03  0.4647565E-03
  0.1390625E+01 -0.1242661E-02 -0.1184613E-02 -0.1185765E-02 -0.1188009E-02 -0.1192706E-02 -0.1199838E-02 -0.1210472E-02 -0.1222348E-02 -0.1230222E-02 -0.1224424E-02 -0.1176395E-02 -0.1046307E-02 -0.7560527E-03 -0.2137722E-03  0.3745784E-03
  0.1395833E+01 -0.1300211E-02 -0.1241206E-02 -0.1242470E-02 -0.1244917E-02 -0.1250009E-02 -0.1257814E-02 -0.1269619E-02 -0.1283446E-02 -0.1294514E-02 -0.1293214E-02 -0.1250524E-02 -0.1123939E-02 -0.8358011E-03 -0.2959075E-03  0.2920499E-03
  0.1401042E+01 -0.1363204E-02 -0.1303155E-02 -0.1304483E-02 -0.1307053E-02 -0.1312415E-02 -0.1320676E-02 -0.1333333E-02 -0.1348586E-02 -0.1361887E-02 -0.1364243E-02 -0.1325680E-02 -0.1201720E-02 -0.9136442E-03 -0.3716550E-03  0.2220986E-03
  0.1406250E+01 -0.1431113E-02 -0.1369704E-02 -0.1371052E-02 -0.1373669E-02 -0.1379154E-02 -0.1387670E-02 -0.1400756E-02 -0.1416781E-02 -0.1431615E-02 -0.1436225E-02 -0.1400698E-02 -0.1278997E-02 -0.9889495E-03 -0.4388447E-03  0.1685854E-03
  0.1411458E+01 -0.1502889E-02 -0.1439851E-02 -0.1441180E-02 -0.1443770E-02 -0.1449259E-02 -0.1457841E-02 -0.1471029E-02 -0.1487283E-02 -0.1502496E-02 -0.1507870E-02 -0.1474088E-02 -0.1354381E-02 -0.1062307E-02 -0.4983932E-03  0.1307480E-03
  0.1416667E+01 -0.1575695E-02 -0.1510822E-02 -0.1512079E-02 -0.1514550E-02 -0.1519899E-02 -0.1528272E-02 -0.1541166E-02 -0.1556930E-02 -0.1571507E-02 -0.1576210E-02 -0.1542704E-02 -0.1424674E-02 -0.1130979E-02 -0.5505924E-03  0.1072121E-03
  0.1421875E+01 -0.1645415E-02 -0.1578728E-02 -0.1579871E-02 -0.1582152E-02 -0.1587237E-02 -0.1595183E-02 -0.1607321E-02 -0.1621938E-02 -0.1635007E-02 -0.1637730E-02 -0.1603130E-02 -0.1486481E-02 -0.1191187E-02 -0.5944169E-03  0.9453528E-04
  0.1427083E+01 -0.1709055E-02 -0.1640671E-02 -0.1641665E-02 -0.1643698E-02 -0.1648400E-02 -0.1655704E-02 -0.1666872E-02 -0.1679956E-02 -0.1690708E-02 -0.1690567E-02 -0.1653268E-02 -0.1537572E-02 -0.1240795E-02 -0.6284735E-03  0.9178721E-04
  0.1432292E+01 -0.1764296E-02 -0.1694363E-02 -0.1695197E-02 -0.1696962E-02 -0.1701275E-02 -0.1707994E-02 -0.1718064E-02 -0.1729448E-02 -0.1737580E-02 -0.1733684E-02 -0.1693030E-02 -0.1576657E-02 -0.1277009E-02 -0.6507054E-03  0.1000036E-03
  0.1437500E+01 -0.1812629E-02 -0.1741318E-02 -0.1742006E-02 -0.1743520E-02 -0.1747449E-02 -0.1753499E-02 -0.1762394E-02 -0.1771735E-02 -0.1776878E-02 -0.1769190E-02 -0.1724094E-02 -0.1603584E-02 -0.1298677E-02 -0.6575124E-03  0.1210232E-03
  0.1442708E+01 -0.1856521E-02 -0.1783838E-02 -0.1784361E-02 -0.1785597E-02 -0.1789076E-02 -0.1794367E-02 -0.1802022E-02 -0.1809423E-02 -0.1811746E-02 -0.1799244E-02 -0.1747622E-02 -0.1618844E-02 -0.1304667E-02 -0.6452509E-03  0.1558720E-03
  0.1447917E+01 -0.1898967E-02 -0.1824813E-02 -0.1825184E-02 -0.1826154E-02 -0.1829226E-02 -0.1833828E-02 -0.1840316E-02 -0.1845811E-02 -0.1844643E-02 -0.1826237E-02 -0.1766068E-02 -0.1624248E-02 -0.1294455E-02 -0.6118085E-03  0.2040913E-03
  0.1453125E+01 -0.1938642E-02 -0.1862991E-02 -0.1863211E-02 -0.1863919E-02 -0.1866581E-02 -0.1870513E-02 -0.1875840E-02 -0.1879155E-02 -0.1874402E-02 -0.1850026E-02 -0.1779912E-02 -0.1620977E-02 -0.1270416E-02 -0.5617455E-03  0.2606358E-03
  0.1458333E+01 -0.1971597E-02 -0.1894523E-02 -0.1894610E-02 -0.1895085E-02 -0.1897368E-02 -0.1900598E-02 -0.1904710E-02 -0.1906087E-02 -0.1898001E-02 -0.1868322E-02 -0.1787923E-02 -0.1610409E-02 -0.1236281E-02 -0.5032948E-03  0.3211606E-03
  0.1463542E+01 -0.1994115E-02 -0.1915907E-02 -0.1915862E-02 -0.1916120E-02 -0.1918087E-02 -0.1920818E-02 -0.1923979E-02 -0.1923745E-02 -0.1913117E-02 -0.1878582E-02 -0.1789116E-02 -0.1595699E-02 -0.1199093E-02 -0.4464383E-03  0.3777601E-03
  0.1468750E+01 -0.2006934E-02 -0.1928001E-02 -0.1927873E-02 -0.1927978E-02 -0.1929690E-02 -0.1931956E-02 -0.1934371E-02 -0.1932916E-02 -0.1920245E-02 -0.1882108E-02 -0.1785401E-02 -0.1580335E-02 -0.1165376E-02 -0.3989986E-03  0.4239034E-03
  0.1473958E+01 -0.2012477E-02 -0.1933013E-02 -0.1932841E-02 -0.1932864E-02 -0.1934477E-02 -0.1936596E-02 -0.1938713E-02 -0.1936814E-02 -0.1923134E-02 -0.1882627E-02 -0.1780680E-02 -0.1567823E-02 -0.1140330E-02 -0.3652289E-03  0.4519734E-03
  0.1479167E+01 -0.2015442E-02 -0.1935473E-02 -0.1935315E-02 -0.1935352E-02 -0.1936987E-02 -0.1939184E-02 -0.1941434E-02 -0.1939498E-02 -0.1925533E-02 -0.1883516E-02 -0.1777009E-02 -0.1558165E-02 -0.1122192E-02 -0.3460318E-03  0.4578909E-03
  0.1484375E+01 -0.2020565E-02 -0.1939888E-02 -0.1939766E-02 -0.1939867E-02 -0.1941648E-02 -0.1944042E-02 -0.1946551E-02 -0.1945034E-02 -0.1931026E-02 -0.1887429E-02 -0.1775920E-02 -0.1550915E-02 -0.1111421E-02 -0.3429099E-03  0.4410599E-03
  0.1489583E+01 -0.2029003E-02 -0.1947429E-02 -0.1947349E-02 -0.1947517E-02 -0.1949424E-02 -0.1952067E-02 -0.1954823E-02 -0.1953566E-02 -0.1939643E-02 -0.1894276E-02 -0.1776577E-02 -0.1543740E-02 -0.1106320E-02 -0.3553227E-03  0.4051784E-03
  0.1494792E+01 -0.2038509E-02 -0.1955728E-02 -0.1955700E-02 -0.1955946E-02 -0.1958022E-02 -0.1960897E-02 -0.1963977E-02 -0.1963124E-02 -0.1949074E-02 -0.1902063E-02 -0.1778432E-02 -0.1538036E-02 -0.1105479E-02 -0.3804899E-03  0.3538394E-03
  0.1500000E+01 -0.2045684E-02 -0.1961490E-02 -0.1961505E-02 -0.1961818E-02 -0.1964022E-02 -0.1967091E-02 -0.1970457E-02 -0.1969958E-02 -0.1955966E-02 -0.1907764E-02 -0.1779652E-02 -0.1533112E-02 -0.1107363E-02 -0.4174948E-03  0.2887986E-03
  0.1505208E+01 -0.2048784E-02 -0.1963145E-02 -0.1963189E-02 -0.1963546E-02 -0.1965852E-02 -0.1969051E-02 -0.1972637E-02 -0.1972429E-02 -0.1958696E-02 -0.1910420E-02 -0.1781022E-02 -0.1532515E-02 -0.1118615E-02 -0.4715516E-03  0.2099536E-03
  0.1510417E+01 -0.2047269E-02 -0.1960123E-02 -0.1960206E-02 -0.1960628E-02 -0.1963074E-02 -0.1966501E-02 -0.1970348E-02 -0.1970686E-02 -0.1958074E-02 -0.1911514E-02 -0.1784763E-02 -0.1540956E-02 -0.1148978E-02 -0.5485561E-03  0.1171013E-03
  0.1515625E+01 -0.2041713E-02 -0.1953158E-02 -0.1953312E-02 -0.1953858E-02 -0.1956571E-02 -0.1960465E-02 -0.1965141E-02 -0.1966895E-02 -0.1956758E-02 -0.1914667E-02 -0.1796017E-02 -0.1565811E-02 -0.1207714E-02 -0.6531590E-03  0.1417506E-04
  0.1520833E+01 -0.2032472E-02 -0.1942576E-02 -0.1942836E-02 -0.1943574E-02 -0.1946659E-02 -0.1951257E-02 -0.1957133E-02 -0.1961130E-02 -0.1955105E-02 -0.1920679E-02 -0.1815626E-02 -0.1609557E-02 -0.1295925E-02 -0.7789931E-03 -0.9098087E-04
  0.1526042E+01 -0.2021950E-02 -0.1930670E-02 -0.1931088E-02 -0.1932106E-02 -0.1935741E-02 -0.1941295E-02 -0.1948881E-02 -0.1955977E-02 -0.1955363E-02 -0.1931206E-02 -0.1845056E-02 -0.1672260E-02 -0.1407003E-02 -0.9145289E-03 -0.1891182E-03
  0.1531250E+01 -0.2011981E-02 -0.1919184E-02 -0.1919818E-02 -0.1921214E-02 -0.1925547E-02 -0.1932317E-02 -0.1941953E-02 -0.1952718E-02 -0.1958820E-02 -0.1946564E-02 -0.1882792E-02 -0.1748186E-02 -0.1528937E-02 -0.1046201E-02 -0.2726553E-03
  0.1536458E+01 -0.2005289E-02 -0.1910862E-02 -0.1911752E-02 -0.1913609E-02 -0.1918782E-02 -0.1926992E-02 -0.1939132E-02 -0.1954190E-02 -0.1967743E-02 -0.1968048E-02 -0.1927220E-02 -0.1830015E-02 -0.1649254E-02 -0.1163449E-02 -0.3383029E-03
  0.1541667E+01 -0.2002212E-02 -0.1906005E-02 -0.1907166E-02 -0.1909480E-02 -0.1915479E-02 -0.1925169E-02 -0.1939895E-02 -0.1959505E-02 -0.1980577E-02 -0.1993564E-02 -0.1974213E-02 -0.1908674E-02 -0.1756982E-02 -0.1258851E-02 -0.3855136E-03
  0.1546875E+01 -0.2003500E-02 -0.1905435E-02 -0.1906856E-02 -0.1909622E-02 -0.1916440E-02 -0.1927561E-02 -0.1944829E-02 -0.1968667E-02 -0.1996987E-02 -0.2021730E-02 -0.2021135E-02 -0.1979947E-02 -0.1845192E-02 -0.1329071E-02 -0.4150057E-03
  0.1552083E+01 -0.2007652E-02 -0.1907768E-02 -0.1909444E-02 -0.1912644E-02 -0.1920251E-02 -0.1932707E-02 -0.1952161E-02 -0.1979874E-02 -0.2014550E-02 -0.2050039E-02 -0.2065132E-02 -0.2041014E-02 -0.1908998E-02 -0.1373070E-02 -0.4280059E-03
  0.1557292E+01 -0.2014770E-02 -0.1913134E-02 -0.1915039E-02 -0.1918620E-02 -0.1926901E-02 -0.1940511E-02 -0.1962002E-02 -0.1993130E-02 -0.2033524E-02 -0.2077910E-02 -0.2105659E-02 -0.2091663E-02 -0.1950024E-02 -0.1395811E-02 -0.4281145E-03
  0.1562500E+01 -0.2022338E-02 -0.1919085E-02 -0.1921205E-02 -0.1925145E-02 -0.1934055E-02 -0.1948679E-02 -0.1971879E-02 -0.2005844E-02 -0.2050973E-02 -0.2103092E-02 -0.2140787E-02 -0.2130716E-02 -0.1971045E-02 -0.1401875E-02 -0.4167088E-03
  0.1567708E+01 -0.2028937E-02 -0.1924200E-02 -0.1926520E-02 -0.1930795E-02 -0.1940281E-02 -0.1955871E-02 -0.1980661E-02 -0.2017266E-02 -0.2066676E-02 -0.2125419E-02 -0.2170845E-02 -0.2160442E-02 -0.1979405E-02 -0.1400207E-02 -0.3981312E-03
  0.1572917E+01 -0.2035436E-02 -0.1929303E-02 -0.1931853E-02 -0.1936506E-02 -0.1946653E-02 -0.1963254E-02 -0.1989651E-02 -0.2028690E-02 -0.2081852E-02 -0.2145696E-02 -0.2196486E-02 -0.2183377E-02 -0.1983199E-02 -0.1397212E-02 -0.3750865E-03
  0.1578125E+01 -0.2044782E-02 -0.1937183E-02 -0.1939953E-02 -0.1944965E-02 -0.1955719E-02 -0.1973329E-02 -0.2001390E-02 -0.2042887E-02 -0.2099402E-02 -0.2167209E-02 -0.2220808E-02 -0.2203682E-02 -0.1989640E-02 -0.1398076E-02 -0.3504304E-03
  0.1583333E+01 -0.2056589E-02 -0.1947439E-02 -0.1950425E-02 -0.1955782E-02 -0.1967114E-02 -0.1985683E-02 -0.2015210E-02 -0.2058837E-02 -0.2117956E-02 -0.2188727E-02 -0.2243392E-02 -0.2222278E-02 -0.1999209E-02 -0.1401810E-02 -0.3243677E-03
  0.1588542E+01 -0.2067575E-02 -0.1956740E-02 -0.1959903E-02 -0.1965546E-02 -0.1977347E-02 -0.1996640E-02 -0.2027310E-02 -0.2072507E-02 -0.2134013E-02 -0.2206560E-02 -0.2261947E-02 -0.2238316E-02 -0.2010316E-02 -0.1406473E-02 -0.2958079E-03
  0.1593750E+01 -0.2074303E-02 -0.1961723E-02 -0.1965019E-02 -0.1970874E-02 -0.1983069E-02 -0.2002969E-02 -0.2034519E-02 -0.2081055E-02 -0.2144138E-02 -0.2218317E-02 -0.2273928E-02 -0.2247191E-02 -0.2015633E-02 -0.1404673E-02 -0.2616285E-03
  0.1598958E+01 -0.2073637E-02 -0.1959352E-02 -0.1962764E-02 -0.1968791E-02 -0.1981253E-02 -0.2001600E-02 -0.2034047E-02 -0.2081763E-02 -0.2146361E-02 -0.2221955E-02 -0.2277108E-02 -0.2245040E-02 -0.2008315E-02 -0.1388274E-02 -0.2185956E-03
  0.1604167E+01 -0.2060791E-02 -0.1945043E-02 -0.1948552E-02 -0.1954737E-02 -0.1967488E-02 -0.1988295E-02 -0.2021372E-02 -0.2070160E-02 -0.2136047E-02 -0.2212650E-02 -0.2266563E-02 -0.2227681E-02 -0.1982394E-02 -0.1350790E-02 -0.1630376E-03
  0.1609375E+01 -0.2030537E-02 -0.1913548E-02 -0.1917127E-02 -0.1923435E-02 -0.1936399E-02 -0.1957574E-02 -0.1991203E-02 -0.2040913E-02 -0.2108010E-02 -0.2185459E-02 -0.2237725E-02 -0.2190651E-02 -0.1935511E-02 -0.1289107E-02 -0.9356517E-04
