 variables=x,z1,z2,z3,z4,z5,z6,z7,z8,z9,z10,z11,z12,z13,z14,z15
 zone t="           1 "i=         263 f=point
  0.2447917E+00  0.1805750E+00  0.1804695E+00  0.1805330E+00  0.1805990E+00  0.1806433E+00  0.1806532E+00  0.1806698E+00  0.1805819E+00  0.1803304E+00  0.1800270E+00  0.1797876E+00  0.1796704E+00  0.1803273E+00  0.1797684E+00  0.1660584E+00
  0.2500000E+00  0.1944831E+00  0.1943317E+00  0.1944017E+00  0.1944694E+00  0.1945216E+00  0.1945424E+00  0.1945654E+00  0.1945160E+00  0.1943189E+00  0.1940624E+00  0.1938698E+00  0.1938130E+00  0.1945356E+00  0.1940731E+00  0.1816123E+00
  0.2552083E+00  0.2065874E+00  0.2064060E+00  0.2064748E+00  0.2065415E+00  0.2066041E+00  0.2066456E+00  0.2066953E+00  0.2067064E+00  0.2066026E+00  0.2064300E+00  0.2062892E+00  0.2062548E+00  0.2068688E+00  0.2064931E+00  0.1996356E+00
  0.2604167E+00  0.2189979E+00  0.2188184E+00  0.2188742E+00  0.2189234E+00  0.2189641E+00  0.2189818E+00  0.2189969E+00  0.2189694E+00  0.2188335E+00  0.2186263E+00  0.2184312E+00  0.2183114E+00  0.2187666E+00  0.2182865E+00  0.2125254E+00
  0.2656250E+00  0.2294321E+00  0.2292758E+00  0.2293273E+00  0.2293642E+00  0.2293916E+00  0.2293934E+00  0.2293847E+00  0.2293343E+00  0.2291741E+00  0.2289371E+00  0.2287178E+00  0.2285763E+00  0.2289810E+00  0.2285035E+00  0.2234698E+00
  0.2708333E+00  0.2391125E+00  0.2389652E+00  0.2390206E+00  0.2390550E+00  0.2390787E+00  0.2390759E+00  0.2390570E+00  0.2389974E+00  0.2388286E+00  0.2385695E+00  0.2383269E+00  0.2381727E+00  0.2385758E+00  0.2380979E+00  0.2332669E+00
  0.2760417E+00  0.2481054E+00  0.2479517E+00  0.2480130E+00  0.2480499E+00  0.2480742E+00  0.2480724E+00  0.2480516E+00  0.2479903E+00  0.2478236E+00  0.2475568E+00  0.2473017E+00  0.2471498E+00  0.2475887E+00  0.2471306E+00  0.2423776E+00
  0.2812500E+00  0.2571743E+00  0.2569723E+00  0.2570401E+00  0.2570857E+00  0.2571180E+00  0.2571265E+00  0.2571158E+00  0.2570633E+00  0.2569105E+00  0.2566449E+00  0.2563648E+00  0.2561746E+00  0.2565963E+00  0.2560916E+00  0.2512030E+00
  0.2864583E+00  0.2658327E+00  0.2655754E+00  0.2656483E+00  0.2657028E+00  0.2657451E+00  0.2657674E+00  0.2657730E+00  0.2657386E+00  0.2656142E+00  0.2653736E+00  0.2650967E+00  0.2648981E+00  0.2653226E+00  0.2648149E+00  0.2599138E+00
  0.2916667E+00  0.2737145E+00  0.2734062E+00  0.2734819E+00  0.2735437E+00  0.2735944E+00  0.2736288E+00  0.2736490E+00  0.2736309E+00  0.2735334E+00  0.2733188E+00  0.2730463E+00  0.2728354E+00  0.2732480E+00  0.2727317E+00  0.2678664E+00
  0.2968750E+00  0.2810108E+00  0.2806739E+00  0.2807493E+00  0.2808137E+00  0.2808679E+00  0.2809085E+00  0.2809363E+00  0.2809282E+00  0.2808507E+00  0.2806594E+00  0.2803985E+00  0.2801901E+00  0.2806022E+00  0.2801047E+00  0.2753444E+00
  0.3020833E+00  0.2877119E+00  0.2873504E+00  0.2874255E+00  0.2874930E+00  0.2875521E+00  0.2876007E+00  0.2876398E+00  0.2876475E+00  0.2875983E+00  0.2874462E+00  0.2872238E+00  0.2870527E+00  0.2875052E+00  0.2870860E+00  0.2824967E+00
  0.3072917E+00  0.2940547E+00  0.2936771E+00  0.2937517E+00  0.2938217E+00  0.2938854E+00  0.2939415E+00  0.2939915E+00  0.2940154E+00  0.2939941E+00  0.2938835E+00  0.2937092E+00  0.2935942E+00  0.2941143E+00  0.2938056E+00  0.2894213E+00
  0.3125000E+00  0.2999628E+00  0.2995737E+00  0.2996482E+00  0.2997209E+00  0.2997894E+00  0.2998532E+00  0.2999150E+00  0.2999566E+00  0.2999650E+00  0.2999004E+00  0.2997849E+00  0.2997418E+00  0.3003512E+00  0.3001788E+00  0.2960139E+00
  0.3177083E+00  0.3054545E+00  0.3050652E+00  0.3051398E+00  0.3052148E+00  0.3052873E+00  0.3053576E+00  0.3054295E+00  0.3054870E+00  0.3055213E+00  0.3054984E+00  0.3054404E+00  0.3054725E+00  0.3061829E+00  0.3061617E+00  0.3022382E+00
  0.3229167E+00  0.3105493E+00  0.3101631E+00  0.3102381E+00  0.3103155E+00  0.3103921E+00  0.3104686E+00  0.3105506E+00  0.3106235E+00  0.3106827E+00  0.3106998E+00  0.3106982E+00  0.3108056E+00  0.3116193E+00  0.3117473E+00  0.3080404E+00
  0.3281250E+00  0.3153780E+00  0.3149931E+00  0.3150686E+00  0.3151481E+00  0.3152286E+00  0.3153110E+00  0.3154024E+00  0.3154900E+00  0.3155730E+00  0.3156291E+00  0.3156834E+00  0.3158676E+00  0.3167840E+00  0.3170547E+00  0.3135604E+00
  0.3333333E+00  0.3199918E+00  0.3196040E+00  0.3196802E+00  0.3197619E+00  0.3198465E+00  0.3199349E+00  0.3200358E+00  0.3201380E+00  0.3202436E+00  0.3203361E+00  0.3204439E+00  0.3207000E+00  0.3217152E+00  0.3221218E+00  0.3188046E+00
  0.3385417E+00  0.3244615E+00  0.3240658E+00  0.3241428E+00  0.3242265E+00  0.3243152E+00  0.3244096E+00  0.3245200E+00  0.3246367E+00  0.3247648E+00  0.3248935E+00  0.3250541E+00  0.3253831E+00  0.3264970E+00  0.3270376E+00  0.3238932E+00
  0.3437500E+00  0.3287737E+00  0.3283669E+00  0.3284447E+00  0.3285307E+00  0.3286234E+00  0.3287241E+00  0.3288442E+00  0.3289758E+00  0.3291264E+00  0.3292910E+00  0.3295045E+00  0.3299054E+00  0.3311175E+00  0.3317898E+00  0.3288072E+00
  0.3489583E+00  0.3329356E+00  0.3325158E+00  0.3325945E+00  0.3326824E+00  0.3327792E+00  0.3328862E+00  0.3330164E+00  0.3331633E+00  0.3333375E+00  0.3335394E+00  0.3338086E+00  0.3342857E+00  0.3355984E+00  0.3364069E+00  0.3335929E+00
  0.3541667E+00  0.3369300E+00  0.3364965E+00  0.3365761E+00  0.3366663E+00  0.3367673E+00  0.3368811E+00  0.3370218E+00  0.3371848E+00  0.3373834E+00  0.3376232E+00  0.3379487E+00  0.3385015E+00  0.3399151E+00  0.3408568E+00  0.3382094E+00
  0.3593750E+00  0.3407847E+00  0.3403359E+00  0.3404164E+00  0.3405087E+00  0.3406139E+00  0.3407341E+00  0.3408849E+00  0.3410634E+00  0.3412852E+00  0.3415621E+00  0.3419431E+00  0.3425719E+00  0.3440854E+00  0.3451589E+00  0.3426758E+00
  0.3645833E+00  0.3445324E+00  0.3440677E+00  0.3441491E+00  0.3442435E+00  0.3443527E+00  0.3444791E+00  0.3446397E+00  0.3448331E+00  0.3450771E+00  0.3453888E+00  0.3458217E+00  0.3465221E+00  0.3481323E+00  0.3493329E+00  0.3470066E+00
  0.3697917E+00  0.3481898E+00  0.3477092E+00  0.3477915E+00  0.3478876E+00  0.3480004E+00  0.3481328E+00  0.3483028E+00  0.3485106E+00  0.3487764E+00  0.3491225E+00  0.3496078E+00  0.3503797E+00  0.3520817E+00  0.3534036E+00  0.3512336E+00
  0.3750000E+00  0.3517265E+00  0.3512308E+00  0.3513138E+00  0.3514116E+00  0.3515279E+00  0.3516659E+00  0.3518447E+00  0.3520661E+00  0.3523525E+00  0.3527308E+00  0.3532645E+00  0.3541030E+00  0.3558949E+00  0.3573353E+00  0.3553183E+00
  0.3802083E+00  0.3551403E+00  0.3546291E+00  0.3547129E+00  0.3548123E+00  0.3549319E+00  0.3550753E+00  0.3552627E+00  0.3554976E+00  0.3558045E+00  0.3562152E+00  0.3567984E+00  0.3577056E+00  0.3595863E+00  0.3611459E+00  0.3592895E+00
  0.3854167E+00  0.3584307E+00  0.3579036E+00  0.3579883E+00  0.3580895E+00  0.3582124E+00  0.3583612E+00  0.3585573E+00  0.3588055E+00  0.3591327E+00  0.3595752E+00  0.3602071E+00  0.3611817E+00  0.3631520E+00  0.3648304E+00  0.3631329E+00
  0.3906250E+00  0.3616095E+00  0.3610665E+00  0.3611520E+00  0.3612547E+00  0.3613807E+00  0.3615347E+00  0.3617391E+00  0.3620005E+00  0.3623480E+00  0.3628222E+00  0.3635018E+00  0.3645438E+00  0.3666021E+00  0.3684001E+00  0.3668701E+00
  0.3958333E+00  0.3646846E+00  0.3641266E+00  0.3642131E+00  0.3643175E+00  0.3644468E+00  0.3646062E+00  0.3648191E+00  0.3650938E+00  0.3654615E+00  0.3659677E+00  0.3666960E+00  0.3678064E+00  0.3699560E+00  0.3718729E+00  0.3705049E+00
  0.4010417E+00  0.3676704E+00  0.3670969E+00  0.3671843E+00  0.3672904E+00  0.3674231E+00  0.3675879E+00  0.3678096E+00  0.3680979E+00  0.3684866E+00  0.3690256E+00  0.3698037E+00  0.3709840E+00  0.3732248E+00  0.3752615E+00  0.3740548E+00
  0.4062500E+00  0.3705715E+00  0.3699828E+00  0.3700711E+00  0.3701788E+00  0.3703146E+00  0.3704846E+00  0.3707145E+00  0.3710157E+00  0.3714243E+00  0.3719941E+00  0.3728192E+00  0.3740658E+00  0.3763940E+00  0.3785463E+00  0.3774972E+00
  0.4114583E+00  0.3734004E+00  0.3727957E+00  0.3728848E+00  0.3729940E+00  0.3731327E+00  0.3733078E+00  0.3735458E+00  0.3738598E+00  0.3742883E+00  0.3748891E+00  0.3757614E+00  0.3770739E+00  0.3794881E+00  0.3817540E+00  0.3808692E+00
  0.4166667E+00  0.3761505E+00  0.3755296E+00  0.3756195E+00  0.3757302E+00  0.3758719E+00  0.3760519E+00  0.3762979E+00  0.3766244E+00  0.3770723E+00  0.3777031E+00  0.3786205E+00  0.3799973E+00  0.3824969E+00  0.3848762E+00  0.3841509E+00
  0.4218750E+00  0.3788381E+00  0.3782004E+00  0.3782910E+00  0.3784031E+00  0.3785475E+00  0.3787322E+00  0.3789859E+00  0.3793247E+00  0.3797916E+00  0.3804523E+00  0.3814159E+00  0.3828576E+00  0.3854414E+00  0.3879336E+00  0.3873761E+00
  0.4270833E+00  0.3814608E+00  0.3808065E+00  0.3808978E+00  0.3810112E+00  0.3811584E+00  0.3813479E+00  0.3816094E+00  0.3819604E+00  0.3824463E+00  0.3831369E+00  0.3841460E+00  0.3856529E+00  0.3883211E+00  0.3909270E+00  0.3905357E+00
  0.4322917E+00  0.3840301E+00  0.3833594E+00  0.3834514E+00  0.3835662E+00  0.3837161E+00  0.3839103E+00  0.3841794E+00  0.3845426E+00  0.3850475E+00  0.3857678E+00  0.3868225E+00  0.3883948E+00  0.3911485E+00  0.3938692E+00  0.3936515E+00
  0.4375000E+00  0.3865321E+00  0.3858459E+00  0.3859387E+00  0.3860548E+00  0.3862075E+00  0.3864066E+00  0.3866837E+00  0.3870597E+00  0.3875845E+00  0.3883352E+00  0.3894360E+00  0.3910748E+00  0.3939144E+00  0.3967507E+00  0.3967017E+00
  0.4427083E+00  0.3889671E+00  0.3882652E+00  0.3883587E+00  0.3884763E+00  0.3886318E+00  0.3888358E+00  0.3891210E+00  0.3895098E+00  0.3900549E+00  0.3908375E+00  0.3919864E+00  0.3936928E+00  0.3966197E+00  0.3995725E+00  0.3996966E+00
  0.4479167E+00  0.3913248E+00  0.3906085E+00  0.3907027E+00  0.3908218E+00  0.3909800E+00  0.3911888E+00  0.3914819E+00  0.3918834E+00  0.3924482E+00  0.3932617E+00  0.3944583E+00  0.3962322E+00  0.3992467E+00  0.4023157E+00  0.4026118E+00
  0.4531250E+00  0.3936103E+00  0.3928804E+00  0.3929753E+00  0.3930956E+00  0.3932564E+00  0.3934697E+00  0.3937704E+00  0.3941842E+00  0.3947685E+00  0.3956130E+00  0.3968571E+00  0.3986995E+00  0.4018036E+00  0.4049934E+00  0.4054705E+00
  0.4583333E+00  0.3958256E+00  0.3950830E+00  0.3951785E+00  0.3953000E+00  0.3954634E+00  0.3956813E+00  0.3959897E+00  0.3964160E+00  0.3970202E+00  0.3978958E+00  0.3991882E+00  0.4010999E+00  0.4042948E+00  0.4076070E+00  0.4082668E+00
  0.4635417E+00  0.3979864E+00  0.3972310E+00  0.3973272E+00  0.3974499E+00  0.3976159E+00  0.3978383E+00  0.3981546E+00  0.3985936E+00  0.3992178E+00  0.4001252E+00  0.4014661E+00  0.4034469E+00  0.4067324E+00  0.4101700E+00  0.4110173E+00
  0.4687500E+00  0.4000883E+00  0.3993203E+00  0.3994171E+00  0.3995412E+00  0.3997098E+00  0.3999369E+00  0.4002611E+00  0.4007131E+00  0.4013581E+00  0.4022982E+00  0.4036893E+00  0.4057422E+00  0.4091220E+00  0.4126862E+00  0.4137210E+00
  0.4739583E+00  0.4021443E+00  0.4013630E+00  0.4014605E+00  0.4015859E+00  0.4017570E+00  0.4019887E+00  0.4023207E+00  0.4027855E+00  0.4034512E+00  0.4044244E+00  0.4058661E+00  0.4079916E+00  0.4114674E+00  0.4151606E+00  0.4163842E+00
  0.4791667E+00  0.4041600E+00  0.4033652E+00  0.4034633E+00  0.4035900E+00  0.4037637E+00  0.4040000E+00  0.4043398E+00  0.4048174E+00  0.4055032E+00  0.4065083E+00  0.4079993E+00  0.4101964E+00  0.4137662E+00  0.4175860E+00  0.4189964E+00
  0.4843750E+00  0.4061440E+00  0.4053347E+00  0.4054334E+00  0.4055613E+00  0.4057374E+00  0.4059780E+00  0.4063252E+00  0.4068150E+00  0.4075204E+00  0.4085567E+00  0.4100957E+00  0.4123619E+00  0.4160233E+00  0.4199670E+00  0.4215654E+00
  0.4895833E+00  0.4080901E+00  0.4072665E+00  0.4073658E+00  0.4074948E+00  0.4076732E+00  0.4079180E+00  0.4082723E+00  0.4087737E+00  0.4094977E+00  0.4105633E+00  0.4121485E+00  0.4144812E+00  0.4182316E+00  0.4222985E+00  0.4240840E+00
  0.4947917E+00  0.4100146E+00  0.4091763E+00  0.4092761E+00  0.4094061E+00  0.4095867E+00  0.4098354E+00  0.4101963E+00  0.4107086E+00  0.4114502E+00  0.4125445E+00  0.4141738E+00  0.4165719E+00  0.4204098E+00  0.4245982E+00  0.4265718E+00
  0.5000000E+00  0.4119171E+00  0.4110643E+00  0.4111646E+00  0.4112955E+00  0.4114782E+00  0.4117307E+00  0.4120983E+00  0.4126216E+00  0.4133807E+00  0.4145020E+00  0.4161734E+00  0.4186344E+00  0.4225567E+00  0.4268639E+00  0.4290252E+00
  0.5052083E+00  0.4137981E+00  0.4129303E+00  0.4130310E+00  0.4131628E+00  0.4133475E+00  0.4136037E+00  0.4139775E+00  0.4145114E+00  0.4152876E+00  0.4164365E+00  0.4181506E+00  0.4206739E+00  0.4246801E+00  0.4291057E+00  0.4314536E+00
  0.5104167E+00  0.4156547E+00  0.4147721E+00  0.4148732E+00  0.4150059E+00  0.4151925E+00  0.4154523E+00  0.4158324E+00  0.4163766E+00  0.4171697E+00  0.4183455E+00  0.4201014E+00  0.4226856E+00  0.4267735E+00  0.4313156E+00  0.4338512E+00
  0.5156250E+00  0.4174884E+00  0.4165913E+00  0.4166928E+00  0.4168263E+00  0.4170147E+00  0.4172780E+00  0.4176642E+00  0.4182187E+00  0.4190284E+00  0.4202308E+00  0.4220282E+00  0.4246733E+00  0.4288402E+00  0.4334968E+00  0.4362198E+00
  0.5208333E+00  0.4192847E+00  0.4183739E+00  0.4184757E+00  0.4186100E+00  0.4188002E+00  0.4190669E+00  0.4194592E+00  0.4200239E+00  0.4208500E+00  0.4220786E+00  0.4239167E+00  0.4266213E+00  0.4308678E+00  0.4356394E+00  0.4385531E+00
  0.5260417E+00  0.4210463E+00  0.4201220E+00  0.4202240E+00  0.4203590E+00  0.4205510E+00  0.4208210E+00  0.4212193E+00  0.4217941E+00  0.4226367E+00  0.4238915E+00  0.4257700E+00  0.4285351E+00  0.4328625E+00  0.4377497E+00  0.4408539E+00
  0.5312500E+00  0.4227640E+00  0.4218263E+00  0.4219287E+00  0.4220644E+00  0.4222581E+00  0.4225314E+00  0.4229356E+00  0.4235205E+00  0.4243795E+00  0.4256605E+00  0.4275799E+00  0.4304047E+00  0.4348133E+00  0.4398190E+00  0.4431166E+00
  0.5364583E+00  0.4244468E+00  0.4234954E+00  0.4235981E+00  0.4237345E+00  0.4239300E+00  0.4242067E+00  0.4246169E+00  0.4252118E+00  0.4260874E+00  0.4273953E+00  0.4293564E+00  0.4322428E+00  0.4367341E+00  0.4418585E+00  0.4453481E+00
  0.5416667E+00  0.4260920E+00  0.4251272E+00  0.4252302E+00  0.4253675E+00  0.4255648E+00  0.4258449E+00  0.4262610E+00  0.4268660E+00  0.4277579E+00  0.4290921E+00  0.4310943E+00  0.4340423E+00  0.4386175E+00  0.4438620E+00  0.4475428E+00
  0.5468750E+00  0.4277039E+00  0.4267252E+00  0.4268286E+00  0.4269668E+00  0.4271660E+00  0.4274496E+00  0.4278718E+00  0.4284870E+00  0.4293957E+00  0.4307567E+00  0.4328010E+00  0.4358112E+00  0.4404700E+00  0.4458330E+00  0.4497051E+00
  0.5520833E+00  0.4292759E+00  0.4282835E+00  0.4283874E+00  0.4285265E+00  0.4287276E+00  0.4290147E+00  0.4294430E+00  0.4300684E+00  0.4309936E+00  0.4323809E+00  0.4344663E+00  0.4375374E+00  0.4422803E+00  0.4477650E+00  0.4518311E+00
  0.5572917E+00  0.4308089E+00  0.4298030E+00  0.4299074E+00  0.4300474E+00  0.4302506E+00  0.4305412E+00  0.4309757E+00  0.4316116E+00  0.4325539E+00  0.4339686E+00  0.4360967E+00  0.4392310E+00  0.4440594E+00  0.4496660E+00  0.4539266E+00
  0.5625000E+00  0.4322986E+00  0.4312801E+00  0.4313850E+00  0.4315261E+00  0.4317312E+00  0.4320256E+00  0.4324666E+00  0.4331133E+00  0.4340729E+00  0.4355155E+00  0.4376871E+00  0.4408855E+00  0.4458017E+00  0.4515315E+00  0.4559873E+00
  0.5677083E+00  0.4337559E+00  0.4327253E+00  0.4328308E+00  0.4329728E+00  0.4331800E+00  0.4334779E+00  0.4339253E+00  0.4345826E+00  0.4355597E+00  0.4370306E+00  0.4392459E+00  0.4425090E+00  0.4475125E+00  0.4533651E+00  0.4580178E+00
  0.5729167E+00  0.4351809E+00  0.4341390E+00  0.4342450E+00  0.4343880E+00  0.4345972E+00  0.4348988E+00  0.4353523E+00  0.4360202E+00  0.4370145E+00  0.4385127E+00  0.4407708E+00  0.4440977E+00  0.4491877E+00  0.4551644E+00  0.4600155E+00
  0.5781250E+00  0.4365841E+00  0.4355311E+00  0.4356376E+00  0.4357816E+00  0.4359927E+00  0.4362978E+00  0.4367575E+00  0.4374359E+00  0.4384473E+00  0.4399726E+00  0.4422734E+00  0.4456626E+00  0.4508379E+00  0.4569366E+00  0.4619844E+00
  0.5833333E+00  0.4379719E+00  0.4369077E+00  0.4370147E+00  0.4371595E+00  0.4373725E+00  0.4376810E+00  0.4381467E+00  0.4388350E+00  0.4398625E+00  0.4414138E+00  0.4437548E+00  0.4472044E+00  0.4524634E+00  0.4586842E+00  0.4639308E+00
  0.5885417E+00  0.4393564E+00  0.4382808E+00  0.4383882E+00  0.4385339E+00  0.4387487E+00  0.4390603E+00  0.4395316E+00  0.4402294E+00  0.4412728E+00  0.4428498E+00  0.4452306E+00  0.4487387E+00  0.4540794E+00  0.4604191E+00  0.4658627E+00
  0.5937500E+00  0.4407326E+00  0.4396452E+00  0.4397531E+00  0.4398996E+00  0.4401162E+00  0.4404311E+00  0.4409080E+00  0.4416154E+00  0.4426743E+00  0.4442763E+00  0.4466961E+00  0.4502630E+00  0.4556853E+00  0.4621447E+00  0.4677848E+00
  0.5989583E+00  0.4420964E+00  0.4409973E+00  0.4411056E+00  0.4412529E+00  0.4414712E+00  0.4417892E+00  0.4422719E+00  0.4429889E+00  0.4440638E+00  0.4456916E+00  0.4481517E+00  0.4517791E+00  0.4572849E+00  0.4638658E+00  0.4697056E+00
  0.6041667E+00  0.4434434E+00  0.4423331E+00  0.4424418E+00  0.4425898E+00  0.4428098E+00  0.4431310E+00  0.4436191E+00  0.4443457E+00  0.4454362E+00  0.4470897E+00  0.4495905E+00  0.4532793E+00  0.4588724E+00  0.4655796E+00  0.4716218E+00
  0.6093750E+00  0.4447762E+00  0.4436550E+00  0.4437640E+00  0.4439129E+00  0.4441346E+00  0.4444590E+00  0.4449529E+00  0.4456894E+00  0.4467964E+00  0.4484767E+00  0.4510196E+00  0.4547724E+00  0.4604534E+00  0.4672867E+00  0.4735353E+00
  0.6145833E+00  0.4460977E+00  0.4449661E+00  0.4450756E+00  0.4452253E+00  0.4454487E+00  0.4457763E+00  0.4462760E+00  0.4470225E+00  0.4481460E+00  0.4498528E+00  0.4524380E+00  0.4562541E+00  0.4620231E+00  0.4689853E+00  0.4754394E+00
  0.6197917E+00  0.4474082E+00  0.4462665E+00  0.4463763E+00  0.4465268E+00  0.4467520E+00  0.4470829E+00  0.4475885E+00  0.4483451E+00  0.4494855E+00  0.4512202E+00  0.4538482E+00  0.4577287E+00  0.4635860E+00  0.4706762E+00  0.4773375E+00
  0.6250000E+00  0.4487102E+00  0.4475587E+00  0.4476689E+00  0.4478202E+00  0.4480470E+00  0.4483811E+00  0.4488924E+00  0.4496587E+00  0.4508153E+00  0.4525765E+00  0.4552466E+00  0.4591904E+00  0.4651372E+00  0.4723575E+00  0.4792274E+00
  0.6302083E+00  0.4500019E+00  0.4488404E+00  0.4489510E+00  0.4491030E+00  0.4493315E+00  0.4496687E+00  0.4501857E+00  0.4509618E+00  0.4521348E+00  0.4539229E+00  0.4566354E+00  0.4606424E+00  0.4666781E+00  0.4740304E+00  0.4811124E+00
  0.6354167E+00  0.4512772E+00  0.4501057E+00  0.4502167E+00  0.4503694E+00  0.4505996E+00  0.4509398E+00  0.4514623E+00  0.4522482E+00  0.4534373E+00  0.4552512E+00  0.4580045E+00  0.4620742E+00  0.4682005E+00  0.4756869E+00  0.4829831E+00
  0.6406250E+00  0.4525317E+00  0.4513503E+00  0.4514616E+00  0.4516151E+00  0.4518469E+00  0.4521901E+00  0.4527180E+00  0.4535132E+00  0.4547181E+00  0.4565581E+00  0.4593525E+00  0.4634852E+00  0.4697017E+00  0.4773239E+00  0.4848363E+00
  0.6458333E+00  0.4537589E+00  0.4525681E+00  0.4526798E+00  0.4528340E+00  0.4530674E+00  0.4534137E+00  0.4539469E+00  0.4547514E+00  0.4559717E+00  0.4578370E+00  0.4606723E+00  0.4648681E+00  0.4711764E+00  0.4789343E+00  0.4866625E+00
  0.6510417E+00  0.4549679E+00  0.4537686E+00  0.4538807E+00  0.4540356E+00  0.4542706E+00  0.4546197E+00  0.4551581E+00  0.4559717E+00  0.4572073E+00  0.4590979E+00  0.4619740E+00  0.4662324E+00  0.4726306E+00  0.4805221E+00  0.4884620E+00
  0.6562500E+00  0.4561634E+00  0.4549560E+00  0.4550684E+00  0.4552240E+00  0.4554604E+00  0.4558122E+00  0.4563555E+00  0.4571776E+00  0.4584275E+00  0.4603415E+00  0.4632555E+00  0.4675737E+00  0.4740599E+00  0.4820816E+00  0.4902275E+00
  0.6614583E+00  0.4573446E+00  0.4561303E+00  0.4562430E+00  0.4563992E+00  0.4566369E+00  0.4569913E+00  0.4575393E+00  0.4583695E+00  0.4596332E+00  0.4615705E+00  0.4645216E+00  0.4688968E+00  0.4754648E+00  0.4836099E+00  0.4919559E+00
  0.6666667E+00  0.4585072E+00  0.4572873E+00  0.4574002E+00  0.4575569E+00  0.4577958E+00  0.4581524E+00  0.4587047E+00  0.4595427E+00  0.4608196E+00  0.4627785E+00  0.4657647E+00  0.4701944E+00  0.4768386E+00  0.4851002E+00  0.4936457E+00
  0.6718750E+00  0.4596506E+00  0.4584259E+00  0.4585390E+00  0.4586962E+00  0.4589362E+00  0.4592951E+00  0.4598515E+00  0.4606969E+00  0.4619864E+00  0.4639666E+00  0.4669861E+00  0.4714661E+00  0.4781817E+00  0.4865564E+00  0.4953039E+00
  0.6770833E+00  0.4607642E+00  0.4595352E+00  0.4596486E+00  0.4598062E+00  0.4600472E+00  0.4604082E+00  0.4609686E+00  0.4618210E+00  0.4631227E+00  0.4651226E+00  0.4681749E+00  0.4727047E+00  0.4794919E+00  0.4879830E+00  0.4969375E+00
  0.6822917E+00  0.4618474E+00  0.4606148E+00  0.4607283E+00  0.4608863E+00  0.4611283E+00  0.4614914E+00  0.4620556E+00  0.4629150E+00  0.4642288E+00  0.4662492E+00  0.4693338E+00  0.4739138E+00  0.4807739E+00  0.4893853E+00  0.4985540E+00
  0.6875000E+00  0.4628978E+00  0.4616619E+00  0.4617756E+00  0.4619340E+00  0.4621771E+00  0.4625423E+00  0.4631105E+00  0.4639771E+00  0.4653032E+00  0.4673437E+00  0.4704611E+00  0.4750930E+00  0.4820313E+00  0.4907699E+00  0.5001617E+00
  0.6927083E+00  0.4639287E+00  0.4626891E+00  0.4628031E+00  0.4629619E+00  0.4632062E+00  0.4635735E+00  0.4641458E+00  0.4650198E+00  0.4663587E+00  0.4684208E+00  0.4715723E+00  0.4762573E+00  0.4832753E+00  0.4921431E+00  0.5017625E+00
  0.6979167E+00  0.4649471E+00  0.4637036E+00  0.4638177E+00  0.4639771E+00  0.4642225E+00  0.4645921E+00  0.4651687E+00  0.4660502E+00  0.4674017E+00  0.4694849E+00  0.4726710E+00  0.4774108E+00  0.4845109E+00  0.4935105E+00  0.5033588E+00
  0.7031250E+00  0.4659640E+00  0.4647158E+00  0.4648302E+00  0.4649902E+00  0.4652368E+00  0.4656088E+00  0.4661897E+00  0.4670790E+00  0.4684439E+00  0.4705491E+00  0.4737704E+00  0.4785644E+00  0.4857456E+00  0.4948766E+00  0.5049536E+00
  0.7083333E+00  0.4669834E+00  0.4657298E+00  0.4658445E+00  0.4660050E+00  0.4662529E+00  0.4666273E+00  0.4672125E+00  0.4681094E+00  0.4694873E+00  0.4716140E+00  0.4748699E+00  0.4797181E+00  0.4869804E+00  0.4962417E+00  0.5065443E+00
  0.7135417E+00  0.4680114E+00  0.4667513E+00  0.4668664E+00  0.4670275E+00  0.4672767E+00  0.4676536E+00  0.4682434E+00  0.4691482E+00  0.4705396E+00  0.4726880E+00  0.4759785E+00  0.4808798E+00  0.4882220E+00  0.4976109E+00  0.5081352E+00
  0.7187500E+00  0.4690517E+00  0.4677841E+00  0.4678995E+00  0.4680612E+00  0.4683119E+00  0.4686914E+00  0.4692858E+00  0.4701987E+00  0.4716034E+00  0.4737740E+00  0.4770993E+00  0.4820547E+00  0.4894765E+00  0.4989915E+00  0.5097321E+00
  0.7239583E+00  0.4701106E+00  0.4688351E+00  0.4689508E+00  0.4691133E+00  0.4693655E+00  0.4697479E+00  0.4703475E+00  0.4712693E+00  0.4726887E+00  0.4748833E+00  0.4782460E+00  0.4832565E+00  0.4907574E+00  0.5003941E+00  0.5113421E+00
  0.7291667E+00  0.4711901E+00  0.4699066E+00  0.4700228E+00  0.4701862E+00  0.4704400E+00  0.4708254E+00  0.4714304E+00  0.4723615E+00  0.4737966E+00  0.4760162E+00  0.4794180E+00  0.4844871E+00  0.4920695E+00  0.5018264E+00  0.5129722E+00
  0.7343750E+00  0.4722949E+00  0.4710034E+00  0.4711202E+00  0.4712845E+00  0.4715403E+00  0.4719292E+00  0.4725401E+00  0.4734815E+00  0.4749336E+00  0.4771803E+00  0.4806240E+00  0.4857532E+00  0.4934162E+00  0.5032884E+00  0.5146246E+00
  0.7395833E+00  0.4734165E+00  0.4721167E+00  0.4722340E+00  0.4723993E+00  0.4726571E+00  0.4730496E+00  0.4736669E+00  0.4746190E+00  0.4760886E+00  0.4783636E+00  0.4818499E+00  0.4870410E+00  0.4947866E+00  0.5047740E+00  0.5162974E+00
  0.7447917E+00  0.4745466E+00  0.4732387E+00  0.4733566E+00  0.4735230E+00  0.4737829E+00  0.4741791E+00  0.4748030E+00  0.4757663E+00  0.4772541E+00  0.4795583E+00  0.4830888E+00  0.4883428E+00  0.4961707E+00  0.5062736E+00  0.5179838E+00
  0.7500000E+00  0.4756782E+00  0.4743621E+00  0.4744806E+00  0.4746481E+00  0.4749100E+00  0.4753099E+00  0.4759400E+00  0.4769141E+00  0.4784199E+00  0.4807526E+00  0.4843276E+00  0.4896460E+00  0.4975597E+00  0.5077802E+00  0.5196783E+00
  0.7552083E+00  0.4768110E+00  0.4754866E+00  0.4756057E+00  0.4757743E+00  0.4760383E+00  0.4764418E+00  0.4770784E+00  0.4780632E+00  0.4795867E+00  0.4819482E+00  0.4855678E+00  0.4909523E+00  0.4989556E+00  0.5092965E+00  0.5213820E+00
  0.7604167E+00  0.4779406E+00  0.4766079E+00  0.4767276E+00  0.4768972E+00  0.4771632E+00  0.4775701E+00  0.4782128E+00  0.4792083E+00  0.4807493E+00  0.4831396E+00  0.4868048E+00  0.4922583E+00  0.5003573E+00  0.5108241E+00  0.5230962E+00
  0.7656250E+00  0.4790708E+00  0.4777300E+00  0.4778503E+00  0.4780209E+00  0.4782889E+00  0.4786994E+00  0.4793483E+00  0.4803542E+00  0.4819127E+00  0.4843319E+00  0.4880429E+00  0.4935670E+00  0.5017660E+00  0.5123647E+00  0.5248239E+00
  0.7708333E+00  0.4801976E+00  0.4788490E+00  0.4789699E+00  0.4791415E+00  0.4794115E+00  0.4798255E+00  0.4804804E+00  0.4814966E+00  0.4830727E+00  0.4855209E+00  0.4892792E+00  0.4948763E+00  0.5031802E+00  0.5139181E+00  0.5265653E+00
  0.7760417E+00  0.4813215E+00  0.4799654E+00  0.4800869E+00  0.4802596E+00  0.4805316E+00  0.4809492E+00  0.4816104E+00  0.4826373E+00  0.4842316E+00  0.4867101E+00  0.4905164E+00  0.4961880E+00  0.5045988E+00  0.5154794E+00  0.5283190E+00
  0.7812500E+00  0.4824407E+00  0.4810772E+00  0.4811993E+00  0.4813730E+00  0.4816470E+00  0.4820681E+00  0.4827356E+00  0.4837733E+00  0.4853856E+00  0.4878943E+00  0.4917500E+00  0.4974973E+00  0.5060156E+00  0.5170408E+00  0.5300783E+00
  0.7864583E+00  0.4835567E+00  0.4821865E+00  0.4823091E+00  0.4824839E+00  0.4827599E+00  0.4831845E+00  0.4838583E+00  0.4849068E+00  0.4865373E+00  0.4890761E+00  0.4929801E+00  0.4988017E+00  0.5074261E+00  0.5185968E+00  0.5318407E+00
  0.7916667E+00  0.4846613E+00  0.4832850E+00  0.4834082E+00  0.4835839E+00  0.4838618E+00  0.4842899E+00  0.4849697E+00  0.4860286E+00  0.4876770E+00  0.4902456E+00  0.4941971E+00  0.5000922E+00  0.5088222E+00  0.5201408E+00  0.5335966E+00
  0.7968750E+00  0.4857538E+00  0.4843723E+00  0.4844959E+00  0.4846725E+00  0.4849522E+00  0.4853836E+00  0.4860692E+00  0.4871383E+00  0.4888039E+00  0.4914017E+00  0.4953998E+00  0.5013663E+00  0.5101989E+00  0.5216645E+00  0.5353405E+00
  0.8020833E+00  0.4868294E+00  0.4854431E+00  0.4855672E+00  0.4857446E+00  0.4860259E+00  0.4864604E+00  0.4871516E+00  0.4882304E+00  0.4899126E+00  0.4925380E+00  0.4965815E+00  0.5026188E+00  0.5115526E+00  0.5231653E+00  0.5370676E+00
  0.8072917E+00  0.4878901E+00  0.4864996E+00  0.4866241E+00  0.4868023E+00  0.4870853E+00  0.4875228E+00  0.4882195E+00  0.4893079E+00  0.4910065E+00  0.4936589E+00  0.4977461E+00  0.5038513E+00  0.5128853E+00  0.5246450E+00  0.5387765E+00
  0.8125000E+00  0.4889348E+00  0.4875402E+00  0.4876649E+00  0.4878439E+00  0.4881284E+00  0.4885688E+00  0.4892707E+00  0.4903681E+00  0.4920823E+00  0.4947611E+00  0.4988915E+00  0.5050647E+00  0.5141989E+00  0.5261041E+00  0.5404660E+00
  0.8177083E+00  0.4899663E+00  0.4885675E+00  0.4886927E+00  0.4888724E+00  0.4891585E+00  0.4896018E+00  0.4903088E+00  0.4914153E+00  0.4931449E+00  0.4958495E+00  0.5000226E+00  0.5062627E+00  0.5154965E+00  0.5275472E+00  0.5421377E+00
  0.8229167E+00  0.4909830E+00  0.4895797E+00  0.4897052E+00  0.4898858E+00  0.4901734E+00  0.4906195E+00  0.4913316E+00  0.4924470E+00  0.4941918E+00  0.4969220E+00  0.5011373E+00  0.5074446E+00  0.5167769E+00  0.5289705E+00  0.5437857E+00
  0.8281250E+00  0.4919878E+00  0.4905799E+00  0.4907059E+00  0.4908872E+00  0.4911764E+00  0.4916255E+00  0.4923429E+00  0.4934674E+00  0.4952278E+00  0.4979840E+00  0.5022407E+00  0.5086120E+00  0.5180394E+00  0.5303727E+00  0.5454073E+00
  0.8333333E+00  0.4929780E+00  0.4915650E+00  0.4916914E+00  0.4918735E+00  0.4921645E+00  0.4926166E+00  0.4933394E+00  0.4944732E+00  0.4962494E+00  0.4990316E+00  0.5033299E+00  0.5097651E+00  0.5192849E+00  0.5317519E+00  0.5469997E+00
  0.8385417E+00  0.4939540E+00  0.4925359E+00  0.4926628E+00  0.4928459E+00  0.4931385E+00  0.4935938E+00  0.4943222E+00  0.4954657E+00  0.4972582E+00  0.5000672E+00  0.5044071E+00  0.5109050E+00  0.5205135E+00  0.5331100E+00  0.5485635E+00
  0.8437500E+00  0.4949097E+00  0.4934864E+00  0.4936137E+00  0.4937977E+00  0.4940922E+00  0.4945508E+00  0.4952849E+00  0.4964382E+00  0.4982474E+00  0.5010835E+00  0.5054660E+00  0.5120279E+00  0.5217254E+00  0.5344472E+00  0.5501005E+00
  0.8489583E+00  0.4958473E+00  0.4944191E+00  0.4945469E+00  0.4947317E+00  0.4950280E+00  0.4954898E+00  0.4962296E+00  0.4973928E+00  0.4992186E+00  0.5020823E+00  0.5065079E+00  0.5131345E+00  0.5229212E+00  0.5357676E+00  0.5516173E+00
  0.8541667E+00  0.4967667E+00  0.4953334E+00  0.4954616E+00  0.4956473E+00  0.4959452E+00  0.4964102E+00  0.4971555E+00  0.4983284E+00  0.5001704E+00  0.5030610E+00  0.5075305E+00  0.5142230E+00  0.5241006E+00  0.5370713E+00  0.5531162E+00
  0.8593750E+00  0.4976742E+00  0.4962359E+00  0.4963646E+00  0.4965511E+00  0.4968507E+00  0.4973187E+00  0.4980694E+00  0.4992515E+00  0.5011095E+00  0.5040265E+00  0.5085381E+00  0.5152958E+00  0.5252635E+00  0.5383596E+00  0.5546002E+00
  0.8645833E+00  0.4985720E+00  0.4971286E+00  0.4972577E+00  0.4974450E+00  0.4977462E+00  0.4982170E+00  0.4989729E+00  0.5001642E+00  0.5020376E+00  0.5049799E+00  0.5095328E+00  0.5163534E+00  0.5264111E+00  0.5396333E+00  0.5560687E+00
  0.8697917E+00  0.4994626E+00  0.4980143E+00  0.4981437E+00  0.4983318E+00  0.4986345E+00  0.4991083E+00  0.4998694E+00  0.5010695E+00  0.5029579E+00  0.5059249E+00  0.5105166E+00  0.5173979E+00  0.5275443E+00  0.5408934E+00  0.5575240E+00
  0.8750000E+00  0.5003415E+00  0.4988882E+00  0.4990180E+00  0.4992068E+00  0.4995111E+00  0.4999877E+00  0.5007538E+00  0.5019628E+00  0.5038661E+00  0.5068571E+00  0.5114874E+00  0.5184288E+00  0.5286632E+00  0.5421410E+00  0.5589680E+00
  0.8802083E+00  0.5012144E+00  0.4997564E+00  0.4998865E+00  0.5000762E+00  0.5003820E+00  0.5008615E+00  0.5016327E+00  0.5028503E+00  0.5047684E+00  0.5077836E+00  0.5124519E+00  0.5194522E+00  0.5297744E+00  0.5433789E+00  0.5604034E+00
  0.8854167E+00  0.5020834E+00  0.5006208E+00  0.5007514E+00  0.5009418E+00  0.5012492E+00  0.5017317E+00  0.5025080E+00  0.5037344E+00  0.5056671E+00  0.5087061E+00  0.5134125E+00  0.5204724E+00  0.5308802E+00  0.5446093E+00  0.5618294E+00
  0.8906250E+00  0.5029502E+00  0.5014832E+00  0.5016142E+00  0.5018055E+00  0.5021146E+00  0.5026000E+00  0.5033816E+00  0.5046171E+00  0.5065646E+00  0.5096281E+00  0.5143725E+00  0.5214911E+00  0.5319824E+00  0.5458330E+00  0.5632476E+00
  0.8958333E+00  0.5038047E+00  0.5023335E+00  0.5024650E+00  0.5026572E+00  0.5029679E+00  0.5034564E+00  0.5042433E+00  0.5054878E+00  0.5074505E+00  0.5105392E+00  0.5153246E+00  0.5225042E+00  0.5330799E+00  0.5470526E+00  0.5646604E+00
  0.9010417E+00  0.5046438E+00  0.5031687E+00  0.5033007E+00  0.5034938E+00  0.5038063E+00  0.5042979E+00  0.5050902E+00  0.5063440E+00  0.5083226E+00  0.5114380E+00  0.5162654E+00  0.5235087E+00  0.5341719E+00  0.5482680E+00  0.5660701E+00
  0.9062500E+00  0.5054676E+00  0.5039886E+00  0.5041211E+00  0.5043151E+00  0.5046293E+00  0.5051239E+00  0.5059217E+00  0.5071850E+00  0.5091796E+00  0.5123218E+00  0.5171929E+00  0.5245022E+00  0.5352568E+00  0.5494796E+00  0.5674769E+00
  0.9114583E+00  0.5062817E+00  0.5047993E+00  0.5049324E+00  0.5051274E+00  0.5054433E+00  0.5059410E+00  0.5067442E+00  0.5080169E+00  0.5100276E+00  0.5131965E+00  0.5181105E+00  0.5254863E+00  0.5363354E+00  0.5506902E+00  0.5688838E+00
  0.9166667E+00  0.5070832E+00  0.5055974E+00  0.5057310E+00  0.5059270E+00  0.5062447E+00  0.5067455E+00  0.5075544E+00  0.5088366E+00  0.5108633E+00  0.5140590E+00  0.5190165E+00  0.5264602E+00  0.5374078E+00  0.5518989E+00  0.5702921E+00
  0.9218750E+00  0.5078710E+00  0.5063816E+00  0.5065159E+00  0.5067129E+00  0.5070325E+00  0.5075367E+00  0.5083513E+00  0.5096433E+00  0.5116866E+00  0.5149099E+00  0.5199123E+00  0.5274257E+00  0.5384747E+00  0.5531042E+00  0.5717002E+00
  0.9270833E+00  0.5086417E+00  0.5071486E+00  0.5072835E+00  0.5074816E+00  0.5078032E+00  0.5083109E+00  0.5091317E+00  0.5104343E+00  0.5124956E+00  0.5157485E+00  0.5207981E+00  0.5283845E+00  0.5395359E+00  0.5543035E+00  0.5731045E+00
  0.9322917E+00  0.5094012E+00  0.5079043E+00  0.5080399E+00  0.5082392E+00  0.5085629E+00  0.5090744E+00  0.5099017E+00  0.5112156E+00  0.5132957E+00  0.5165796E+00  0.5216785E+00  0.5293383E+00  0.5405905E+00  0.5554953E+00  0.5745032E+00
  0.9375000E+00  0.5101506E+00  0.5086495E+00  0.5087858E+00  0.5089863E+00  0.5093123E+00  0.5098276E+00  0.5106616E+00  0.5119869E+00  0.5140865E+00  0.5174024E+00  0.5225517E+00  0.5302856E+00  0.5416382E+00  0.5566808E+00  0.5758972E+00
  0.9427083E+00  0.5108939E+00  0.5093888E+00  0.5095258E+00  0.5097274E+00  0.5100555E+00  0.5105746E+00  0.5114153E+00  0.5127521E+00  0.5148708E+00  0.5182183E+00  0.5234178E+00  0.5312250E+00  0.5426789E+00  0.5578614E+00  0.5772869E+00
  0.9479167E+00  0.5116314E+00  0.5101222E+00  0.5102599E+00  0.5104628E+00  0.5107930E+00  0.5113158E+00  0.5121630E+00  0.5135109E+00  0.5156484E+00  0.5190268E+00  0.5242753E+00  0.5321560E+00  0.5437132E+00  0.5590363E+00  0.5786718E+00
  0.9531250E+00  0.5123684E+00  0.5108551E+00  0.5109934E+00  0.5111974E+00  0.5115297E+00  0.5120561E+00  0.5129096E+00  0.5142683E+00  0.5164241E+00  0.5198325E+00  0.5251294E+00  0.5330823E+00  0.5447410E+00  0.5602055E+00  0.5800515E+00
  0.9583333E+00  0.5131018E+00  0.5115842E+00  0.5117231E+00  0.5119283E+00  0.5122626E+00  0.5127926E+00  0.5136523E+00  0.5150217E+00  0.5171954E+00  0.5206338E+00  0.5259778E+00  0.5340018E+00  0.5457610E+00  0.5613661E+00  0.5814235E+00
  0.9635417E+00  0.5138292E+00  0.5123075E+00  0.5124471E+00  0.5126533E+00  0.5129896E+00  0.5135232E+00  0.5143890E+00  0.5157687E+00  0.5179600E+00  0.5214275E+00  0.5268181E+00  0.5349120E+00  0.5467706E+00  0.5625157E+00  0.5827835E+00
  0.9687500E+00  0.5145484E+00  0.5130225E+00  0.5131627E+00  0.5133700E+00  0.5137083E+00  0.5142453E+00  0.5151170E+00  0.5165069E+00  0.5187153E+00  0.5222112E+00  0.5276475E+00  0.5358119E+00  0.5477687E+00  0.5636520E+00  0.5841300E+00
  0.9739583E+00  0.5152634E+00  0.5137335E+00  0.5138743E+00  0.5140827E+00  0.5144228E+00  0.5149631E+00  0.5158407E+00  0.5172405E+00  0.5194655E+00  0.5229889E+00  0.5284698E+00  0.5367031E+00  0.5487574E+00  0.5647773E+00  0.5854620E+00
  0.9791667E+00  0.5159747E+00  0.5144409E+00  0.5145823E+00  0.5147917E+00  0.5151337E+00  0.5156773E+00  0.5165606E+00  0.5179701E+00  0.5202115E+00  0.5237622E+00  0.5292869E+00  0.5375884E+00  0.5497394E+00  0.5658938E+00  0.5867781E+00
  0.9843750E+00  0.5166878E+00  0.5151502E+00  0.5152922E+00  0.5155026E+00  0.5158464E+00  0.5163931E+00  0.5172819E+00  0.5187010E+00  0.5209583E+00  0.5245358E+00  0.5301034E+00  0.5384716E+00  0.5507169E+00  0.5670024E+00  0.5880805E+00
  0.9895833E+00  0.5174049E+00  0.5158632E+00  0.5160057E+00  0.5162170E+00  0.5165627E+00  0.5171125E+00  0.5180067E+00  0.5194350E+00  0.5217080E+00  0.5253116E+00  0.5309216E+00  0.5393544E+00  0.5516912E+00  0.5681025E+00  0.5893710E+00
  0.9947917E+00  0.5181289E+00  0.5165831E+00  0.5167262E+00  0.5169385E+00  0.5172859E+00  0.5178387E+00  0.5187382E+00  0.5201755E+00  0.5224636E+00  0.5260922E+00  0.5317420E+00  0.5402363E+00  0.5526590E+00  0.5691914E+00  0.5906496E+00
  0.1000000E+01  0.5188578E+00  0.5173074E+00  0.5174510E+00  0.5176642E+00  0.5180133E+00  0.5185690E+00  0.5194736E+00  0.5209195E+00  0.5232222E+00  0.5268745E+00  0.5325619E+00  0.5411131E+00  0.5536169E+00  0.5702673E+00  0.5919179E+00
  0.1005208E+01  0.5195923E+00  0.5180371E+00  0.5181812E+00  0.5183953E+00  0.5187459E+00  0.5193045E+00  0.5202139E+00  0.5216680E+00  0.5239841E+00  0.5276584E+00  0.5333806E+00  0.5419847E+00  0.5545658E+00  0.5713331E+00  0.5931796E+00
  0.1010417E+01  0.5203294E+00  0.5187691E+00  0.5189137E+00  0.5191286E+00  0.5194808E+00  0.5200419E+00  0.5209558E+00  0.5224175E+00  0.5247463E+00  0.5284415E+00  0.5341972E+00  0.5428539E+00  0.5555120E+00  0.5723963E+00  0.5944416E+00
  0.1015625E+01  0.5210695E+00  0.5195039E+00  0.5196491E+00  0.5198647E+00  0.5202184E+00  0.5207820E+00  0.5217004E+00  0.5231695E+00  0.5255109E+00  0.5292266E+00  0.5350161E+00  0.5437263E+00  0.5564629E+00  0.5734671E+00  0.5957127E+00
  0.1020833E+01  0.5218126E+00  0.5202419E+00  0.5203875E+00  0.5206040E+00  0.5209591E+00  0.5215253E+00  0.5224479E+00  0.5239245E+00  0.5262784E+00  0.5300154E+00  0.5358404E+00  0.5446068E+00  0.5574267E+00  0.5745529E+00  0.5969991E+00
  0.1026042E+01  0.5225632E+00  0.5209879E+00  0.5211339E+00  0.5213511E+00  0.5217076E+00  0.5222762E+00  0.5232032E+00  0.5246873E+00  0.5270540E+00  0.5308125E+00  0.5366739E+00  0.5454991E+00  0.5584055E+00  0.5756572E+00  0.5983027E+00
  0.1031250E+01  0.5233251E+00  0.5217459E+00  0.5218924E+00  0.5221103E+00  0.5224681E+00  0.5230391E+00  0.5239704E+00  0.5254619E+00  0.5278415E+00  0.5316223E+00  0.5375207E+00  0.5464058E+00  0.5594013E+00  0.5767812E+00  0.5996267E+00
  0.1036458E+01  0.5241011E+00  0.5225191E+00  0.5226659E+00  0.5228845E+00  0.5232436E+00  0.5238171E+00  0.5247526E+00  0.5262517E+00  0.5286443E+00  0.5324472E+00  0.5383830E+00  0.5473283E+00  0.5604128E+00  0.5779233E+00  0.6009735E+00
  0.1041667E+01  0.5248878E+00  0.5233042E+00  0.5234514E+00  0.5236707E+00  0.5240311E+00  0.5246069E+00  0.5255468E+00  0.5270534E+00  0.5294593E+00  0.5332848E+00  0.5392584E+00  0.5482645E+00  0.5614380E+00  0.5790814E+00  0.6023400E+00
  0.1046875E+01  0.5256819E+00  0.5240977E+00  0.5242452E+00  0.5244652E+00  0.5248269E+00  0.5254052E+00  0.5263495E+00  0.5278641E+00  0.5302836E+00  0.5341324E+00  0.5401448E+00  0.5492118E+00  0.5624756E+00  0.5802542E+00  0.6037235E+00
  0.1052083E+01  0.5264783E+00  0.5248941E+00  0.5250419E+00  0.5252626E+00  0.5256256E+00  0.5262064E+00  0.5271553E+00  0.5286780E+00  0.5311114E+00  0.5349839E+00  0.5410359E+00  0.5501661E+00  0.5635224E+00  0.5814393E+00  0.6051205E+00
  0.1057292E+01  0.5272799E+00  0.5256960E+00  0.5258442E+00  0.5260654E+00  0.5264297E+00  0.5270129E+00  0.5279660E+00  0.5294962E+00  0.5319430E+00  0.5358384E+00  0.5419295E+00  0.5511228E+00  0.5645733E+00  0.5826319E+00  0.6065269E+00
  0.1062500E+01  0.5280873E+00  0.5265039E+00  0.5266523E+00  0.5268741E+00  0.5272396E+00  0.5278249E+00  0.5287819E+00  0.5303193E+00  0.5327788E+00  0.5366963E+00  0.5428256E+00  0.5520812E+00  0.5656268E+00  0.5838291E+00  0.6079403E+00
  0.1067708E+01  0.5289054E+00  0.5273224E+00  0.5274711E+00  0.5276936E+00  0.5280602E+00  0.5286476E+00  0.5296084E+00  0.5311524E+00  0.5336236E+00  0.5375621E+00  0.5437276E+00  0.5530443E+00  0.5666844E+00  0.5850295E+00  0.6093601E+00
  0.1072917E+01  0.5297361E+00  0.5281532E+00  0.5283022E+00  0.5285252E+00  0.5288930E+00  0.5294825E+00  0.5304470E+00  0.5319975E+00  0.5344805E+00  0.5384397E+00  0.5446410E+00  0.5540183E+00  0.5677521E+00  0.5862376E+00  0.6107878E+00
  0.1078125E+01  0.5305818E+00  0.5289987E+00  0.5291480E+00  0.5293717E+00  0.5297407E+00  0.5303324E+00  0.5313008E+00  0.5328584E+00  0.5353535E+00  0.5393341E+00  0.5455723E+00  0.5550102E+00  0.5688360E+00  0.5874596E+00  0.6122261E+00
  0.1083333E+01  0.5314418E+00  0.5298579E+00  0.5300076E+00  0.5302320E+00  0.5306024E+00  0.5311966E+00  0.5321694E+00  0.5337344E+00  0.5362428E+00  0.5402463E+00  0.5465232E+00  0.5560234E+00  0.5699409E+00  0.5887000E+00  0.6136767E+00
  0.1088542E+01  0.5323166E+00  0.5307316E+00  0.5308818E+00  0.5311070E+00  0.5314789E+00  0.5320758E+00  0.5330534E+00  0.5346268E+00  0.5371496E+00  0.5411776E+00  0.5474947E+00  0.5570581E+00  0.5710669E+00  0.5899584E+00  0.6151368E+00
  0.1093750E+01  0.5332004E+00  0.5316138E+00  0.5317645E+00  0.5319907E+00  0.5323642E+00  0.5329641E+00  0.5339469E+00  0.5355293E+00  0.5380677E+00  0.5421216E+00  0.5484811E+00  0.5581088E+00  0.5722081E+00  0.5912287E+00  0.6165999E+00
  0.1098958E+01  0.5340885E+00  0.5325005E+00  0.5326517E+00  0.5328788E+00  0.5332541E+00  0.5338571E+00  0.5348453E+00  0.5364374E+00  0.5389918E+00  0.5430728E+00  0.5494753E+00  0.5591680E+00  0.5733571E+00  0.5925040E+00  0.6180592E+00
  0.1104167E+01  0.5349759E+00  0.5333866E+00  0.5335383E+00  0.5337664E+00  0.5341435E+00  0.5347497E+00  0.5357436E+00  0.5373454E+00  0.5399166E+00  0.5440253E+00  0.5504721E+00  0.5602298E+00  0.5745080E+00  0.5937775E+00  0.6195074E+00
  0.1109375E+01  0.5358611E+00  0.5342709E+00  0.5344231E+00  0.5346521E+00  0.5350310E+00  0.5356405E+00  0.5366400E+00  0.5382517E+00  0.5408396E+00  0.5449762E+00  0.5514667E+00  0.5612894E+00  0.5756548E+00  0.5950405E+00  0.6209362E+00
  0.1114583E+01  0.5367388E+00  0.5351477E+00  0.5353004E+00  0.5355304E+00  0.5359110E+00  0.5365237E+00  0.5375289E+00  0.5391503E+00  0.5417549E+00  0.5459189E+00  0.5524525E+00  0.5623379E+00  0.5767872E+00  0.5962856E+00  0.6223432E+00
  0.1119792E+01  0.5376011E+00  0.5360093E+00  0.5361625E+00  0.5363933E+00  0.5367757E+00  0.5373916E+00  0.5384024E+00  0.5400336E+00  0.5426549E+00  0.5468452E+00  0.5534193E+00  0.5633643E+00  0.5778970E+00  0.5975083E+00  0.6237262E+00
  0.1125000E+01  0.5384409E+00  0.5368485E+00  0.5370020E+00  0.5372337E+00  0.5376177E+00  0.5382365E+00  0.5392527E+00  0.5408932E+00  0.5435299E+00  0.5477460E+00  0.5543600E+00  0.5643650E+00  0.5789827E+00  0.5987072E+00  0.6250868E+00
  0.1130208E+01  0.5392522E+00  0.5376591E+00  0.5378131E+00  0.5380454E+00  0.5384309E+00  0.5390524E+00  0.5400735E+00  0.5417227E+00  0.5443744E+00  0.5486153E+00  0.5552701E+00  0.5653378E+00  0.5800426E+00  0.5998817E+00  0.6264263E+00
  0.1135417E+01  0.5400339E+00  0.5384401E+00  0.5385943E+00  0.5388274E+00  0.5392141E+00  0.5398382E+00  0.5408640E+00  0.5425214E+00  0.5451876E+00  0.5494536E+00  0.5561502E+00  0.5662832E+00  0.5810754E+00  0.6010290E+00  0.6277463E+00
  0.1140625E+01  0.5407908E+00  0.5391965E+00  0.5393510E+00  0.5395846E+00  0.5399726E+00  0.5405992E+00  0.5416294E+00  0.5432949E+00  0.5459755E+00  0.5502664E+00  0.5570044E+00  0.5672020E+00  0.5820802E+00  0.6021497E+00  0.6290483E+00
  0.1145833E+01  0.5415269E+00  0.5399324E+00  0.5400871E+00  0.5403213E+00  0.5407107E+00  0.5413396E+00  0.5423743E+00  0.5440479E+00  0.5467425E+00  0.5510573E+00  0.5578354E+00  0.5680948E+00  0.5830570E+00  0.6032443E+00  0.6303330E+00
  0.1151042E+01  0.5422451E+00  0.5406508E+00  0.5408058E+00  0.5410406E+00  0.5414312E+00  0.5420626E+00  0.5431018E+00  0.5447834E+00  0.5474917E+00  0.5518299E+00  0.5586459E+00  0.5689627E+00  0.5840045E+00  0.6043132E+00  0.6316006E+00
  0.1156250E+01  0.5429449E+00  0.5413507E+00  0.5415060E+00  0.5417414E+00  0.5421333E+00  0.5427672E+00  0.5438108E+00  0.5455005E+00  0.5482228E+00  0.5525839E+00  0.5594363E+00  0.5698078E+00  0.5849266E+00  0.6053587E+00  0.6328510E+00
  0.1161458E+01  0.5436281E+00  0.5420339E+00  0.5421895E+00  0.5424256E+00  0.5428188E+00  0.5434552E+00  0.5445035E+00  0.5462013E+00  0.5489375E+00  0.5533217E+00  0.5602101E+00  0.5706344E+00  0.5858292E+00  0.6063853E+00  0.6340860E+00
  0.1166667E+01  0.5443003E+00  0.5427058E+00  0.5428617E+00  0.5430986E+00  0.5434932E+00  0.5441323E+00  0.5451853E+00  0.5468915E+00  0.5496419E+00  0.5540499E+00  0.5609745E+00  0.5714510E+00  0.5867204E+00  0.6074009E+00  0.6353088E+00
  0.1171875E+01  0.5449661E+00  0.5433709E+00  0.5435272E+00  0.5437649E+00  0.5441611E+00  0.5448031E+00  0.5458612E+00  0.5475763E+00  0.5503413E+00  0.5547731E+00  0.5617344E+00  0.5722632E+00  0.5876065E+00  0.6084104E+00  0.6365233E+00
  0.1177083E+01  0.5456266E+00  0.5440301E+00  0.5441869E+00  0.5444254E+00  0.5448232E+00  0.5454681E+00  0.5465313E+00  0.5482552E+00  0.5510353E+00  0.5554915E+00  0.5624903E+00  0.5730734E+00  0.5884918E+00  0.6094185E+00  0.6377317E+00
  0.1182292E+01  0.5462801E+00  0.5446818E+00  0.5448391E+00  0.5450785E+00  0.5454779E+00  0.5461257E+00  0.5471942E+00  0.5489271E+00  0.5517221E+00  0.5562028E+00  0.5632406E+00  0.5738807E+00  0.5893758E+00  0.6104254E+00  0.6389334E+00
  0.1187500E+01  0.5469234E+00  0.5453225E+00  0.5454804E+00  0.5457206E+00  0.5461217E+00  0.5467726E+00  0.5478464E+00  0.5495887E+00  0.5523995E+00  0.5569062E+00  0.5639856E+00  0.5746863E+00  0.5902612E+00  0.6114333E+00  0.6401316E+00
  0.1192708E+01  0.5475552E+00  0.5459515E+00  0.5461099E+00  0.5463511E+00  0.5467541E+00  0.5474083E+00  0.5484880E+00  0.5502403E+00  0.5530679E+00  0.5576024E+00  0.5647257E+00  0.5754913E+00  0.5911519E+00  0.6124468E+00  0.6413312E+00
  0.1197917E+01  0.5481783E+00  0.5465712E+00  0.5467302E+00  0.5469726E+00  0.5473776E+00  0.5480353E+00  0.5491210E+00  0.5508838E+00  0.5537292E+00  0.5582928E+00  0.5654624E+00  0.5762977E+00  0.5920520E+00  0.6134721E+00  0.6425414E+00
  0.1203125E+01  0.5487955E+00  0.5471850E+00  0.5473448E+00  0.5475883E+00  0.5479954E+00  0.5486568E+00  0.5497490E+00  0.5515227E+00  0.5543865E+00  0.5589805E+00  0.5661982E+00  0.5771078E+00  0.5929634E+00  0.6145146E+00  0.6437729E+00
  0.1208333E+01  0.5494115E+00  0.5477975E+00  0.5479579E+00  0.5482026E+00  0.5486119E+00  0.5492770E+00  0.5503758E+00  0.5521609E+00  0.5550439E+00  0.5596692E+00  0.5669371E+00  0.5779236E+00  0.5938852E+00  0.6155767E+00  0.6450299E+00
  0.1213542E+01  0.5500303E+00  0.5484129E+00  0.5485740E+00  0.5488200E+00  0.5492315E+00  0.5499005E+00  0.5510061E+00  0.5528025E+00  0.5557044E+00  0.5603617E+00  0.5676805E+00  0.5787444E+00  0.5948148E+00  0.6166556E+00  0.6463095E+00
  0.1218750E+01  0.5506541E+00  0.5490337E+00  0.5491954E+00  0.5494425E+00  0.5498561E+00  0.5505289E+00  0.5516409E+00  0.5534485E+00  0.5563694E+00  0.5610583E+00  0.5684282E+00  0.5795701E+00  0.5957509E+00  0.6177459E+00  0.6476051E+00
  0.1223958E+01  0.5512844E+00  0.5496614E+00  0.5498238E+00  0.5500720E+00  0.5504876E+00  0.5511639E+00  0.5522822E+00  0.5541006E+00  0.5570399E+00  0.5617601E+00  0.5691811E+00  0.5804011E+00  0.5966929E+00  0.6188430E+00  0.6489097E+00
  0.1229167E+01  0.5519223E+00  0.5502972E+00  0.5504601E+00  0.5507093E+00  0.5511269E+00  0.5518066E+00  0.5529309E+00  0.5547598E+00  0.5577170E+00  0.5624681E+00  0.5699400E+00  0.5812387E+00  0.5976414E+00  0.6199442E+00  0.6502182E+00
  0.1234375E+01  0.5525693E+00  0.5509423E+00  0.5511057E+00  0.5513559E+00  0.5517752E+00  0.5524582E+00  0.5535883E+00  0.5554271E+00  0.5584019E+00  0.5631835E+00  0.5707062E+00  0.5820826E+00  0.5985952E+00  0.6210475E+00  0.6515258E+00
  0.1239583E+01  0.5532247E+00  0.5515959E+00  0.5517599E+00  0.5520109E+00  0.5524320E+00  0.5531181E+00  0.5542536E+00  0.5561021E+00  0.5590938E+00  0.5639046E+00  0.5714769E+00  0.5829300E+00  0.5995497E+00  0.6221470E+00  0.6528303E+00
  0.1244792E+01  0.5538862E+00  0.5522558E+00  0.5524202E+00  0.5526722E+00  0.5530948E+00  0.5537838E+00  0.5549247E+00  0.5567823E+00  0.5597900E+00  0.5646288E+00  0.5722474E+00  0.5837736E+00  0.6004969E+00  0.6232368E+00  0.6541307E+00
  0.1250000E+01  0.5545496E+00  0.5529175E+00  0.5530823E+00  0.5533351E+00  0.5537594E+00  0.5544513E+00  0.5555972E+00  0.5574636E+00  0.5604865E+00  0.5653509E+00  0.5730122E+00  0.5846068E+00  0.6014299E+00  0.6243136E+00  0.6554228E+00
  0.1255208E+01  0.5552098E+00  0.5535759E+00  0.5537412E+00  0.5539948E+00  0.5544206E+00  0.5551152E+00  0.5562658E+00  0.5581405E+00  0.5611776E+00  0.5660658E+00  0.5737666E+00  0.5854257E+00  0.6023471E+00  0.6253744E+00  0.6567016E+00
  0.1260417E+01  0.5558649E+00  0.5542292E+00  0.5543949E+00  0.5546492E+00  0.5550764E+00  0.5557735E+00  0.5569287E+00  0.5588113E+00  0.5618614E+00  0.5667717E+00  0.5745098E+00  0.5862311E+00  0.6032498E+00  0.6264181E+00  0.6579635E+00
  0.1265625E+01  0.5565135E+00  0.5548761E+00  0.5550422E+00  0.5552973E+00  0.5557258E+00  0.5564254E+00  0.5575848E+00  0.5594747E+00  0.5625375E+00  0.5674689E+00  0.5752425E+00  0.5870236E+00  0.6041373E+00  0.6274442E+00  0.6592076E+00
  0.1270833E+01  0.5571519E+00  0.5555128E+00  0.5556793E+00  0.5559352E+00  0.5563650E+00  0.5570670E+00  0.5582306E+00  0.5601279E+00  0.5632031E+00  0.5681551E+00  0.5759638E+00  0.5878032E+00  0.6050107E+00  0.6284556E+00  0.6604341E+00
  0.1276042E+01  0.5577757E+00  0.5561350E+00  0.5563019E+00  0.5565585E+00  0.5569898E+00  0.5576942E+00  0.5588622E+00  0.5607669E+00  0.5638547E+00  0.5688282E+00  0.5766734E+00  0.5885723E+00  0.6058735E+00  0.6294577E+00  0.6616482E+00
  0.1281250E+01  0.5583846E+00  0.5567425E+00  0.5569099E+00  0.5571672E+00  0.5576000E+00  0.5583070E+00  0.5594795E+00  0.5613922E+00  0.5644936E+00  0.5694902E+00  0.5773740E+00  0.5893353E+00  0.6067301E+00  0.6304533E+00  0.6628572E+00
  0.1286458E+01  0.5589826E+00  0.5573393E+00  0.5575072E+00  0.5577655E+00  0.5581998E+00  0.5589097E+00  0.5600871E+00  0.5620083E+00  0.5651242E+00  0.5701456E+00  0.5780702E+00  0.5900950E+00  0.6075814E+00  0.6314450E+00  0.6640685E+00
  0.1291667E+01  0.5595722E+00  0.5579280E+00  0.5580965E+00  0.5583557E+00  0.5587917E+00  0.5595045E+00  0.5606873E+00  0.5626177E+00  0.5657492E+00  0.5707967E+00  0.5787639E+00  0.5908518E+00  0.6084269E+00  0.6324345E+00  0.6652870E+00
  0.1296875E+01  0.5601534E+00  0.5585084E+00  0.5586775E+00  0.5589377E+00  0.5593756E+00  0.5600916E+00  0.5612801E+00  0.5632203E+00  0.5663683E+00  0.5714435E+00  0.5794547E+00  0.5916051E+00  0.6092680E+00  0.6334261E+00  0.6665150E+00
  0.1302083E+01  0.5607260E+00  0.5590805E+00  0.5592502E+00  0.5595116E+00  0.5599515E+00  0.5606710E+00  0.5618655E+00  0.5638159E+00  0.5669813E+00  0.5720855E+00  0.5801413E+00  0.5923553E+00  0.6101087E+00  0.6344234E+00  0.6677523E+00
  0.1307292E+01  0.5612894E+00  0.5596436E+00  0.5598139E+00  0.5600765E+00  0.5605184E+00  0.5612415E+00  0.5624424E+00  0.5644036E+00  0.5675872E+00  0.5727216E+00  0.5808243E+00  0.5931045E+00  0.6109534E+00  0.6354308E+00  0.6689996E+00
  0.1312500E+01  0.5618455E+00  0.5601992E+00  0.5603703E+00  0.5606341E+00  0.5610782E+00  0.5618052E+00  0.5630126E+00  0.5649852E+00  0.5681879E+00  0.5733533E+00  0.5815045E+00  0.5938541E+00  0.6118035E+00  0.6364463E+00  0.6702556E+00
  0.1317708E+01  0.5623976E+00  0.5607507E+00  0.5609225E+00  0.5611876E+00  0.5616340E+00  0.5623649E+00  0.5635791E+00  0.5655630E+00  0.5687849E+00  0.5739818E+00  0.5821823E+00  0.5946050E+00  0.6126593E+00  0.6374682E+00  0.6715194E+00
  0.1322917E+01  0.5629491E+00  0.5613017E+00  0.5614742E+00  0.5617406E+00  0.5621892E+00  0.5629239E+00  0.5641447E+00  0.5661399E+00  0.5693808E+00  0.5746093E+00  0.5828599E+00  0.5953580E+00  0.6135196E+00  0.6384940E+00  0.6727878E+00
  0.1328125E+01  0.5634995E+00  0.5618513E+00  0.5620246E+00  0.5622923E+00  0.5627430E+00  0.5634815E+00  0.5647088E+00  0.5667153E+00  0.5699751E+00  0.5752351E+00  0.5835368E+00  0.5961121E+00  0.6143833E+00  0.6395233E+00  0.6740593E+00
  0.1333333E+01  0.5640468E+00  0.5623980E+00  0.5625720E+00  0.5628409E+00  0.5632937E+00  0.5640359E+00  0.5652697E+00  0.5672870E+00  0.5705655E+00  0.5758572E+00  0.5842109E+00  0.5968655E+00  0.6152494E+00  0.6405567E+00  0.6753326E+00
  0.1338542E+01  0.5645897E+00  0.5629401E+00  0.5631148E+00  0.5633848E+00  0.5638397E+00  0.5645855E+00  0.5658254E+00  0.5678538E+00  0.5711509E+00  0.5764740E+00  0.5848807E+00  0.5976163E+00  0.6161158E+00  0.6415946E+00  0.6766074E+00
  0.1343750E+01  0.5651313E+00  0.5634807E+00  0.5636560E+00  0.5639272E+00  0.5643841E+00  0.5651334E+00  0.5663795E+00  0.5684184E+00  0.5717339E+00  0.5770888E+00  0.5855480E+00  0.5983643E+00  0.6169808E+00  0.6426358E+00  0.6778786E+00
  0.1348958E+01  0.5656759E+00  0.5640238E+00  0.5641998E+00  0.5644720E+00  0.5649309E+00  0.5656837E+00  0.5669358E+00  0.5689851E+00  0.5723188E+00  0.5777050E+00  0.5862158E+00  0.5991106E+00  0.6178444E+00  0.6436761E+00  0.6791414E+00
  0.1354167E+01  0.5662288E+00  0.5645746E+00  0.5647513E+00  0.5650246E+00  0.5654854E+00  0.5662414E+00  0.5674993E+00  0.5695588E+00  0.5729099E+00  0.5783263E+00  0.5868866E+00  0.5998575E+00  0.6187077E+00  0.6447088E+00  0.6803904E+00
  0.1359375E+01  0.5667874E+00  0.5651308E+00  0.5653081E+00  0.5655826E+00  0.5660453E+00  0.5668047E+00  0.5680683E+00  0.5701377E+00  0.5735060E+00  0.5789509E+00  0.5875582E+00  0.6006039E+00  0.6195686E+00  0.6457283E+00  0.6816228E+00
  0.1364583E+01  0.5673505E+00  0.5656913E+00  0.5658692E+00  0.5661447E+00  0.5666094E+00  0.5673720E+00  0.5686412E+00  0.5707202E+00  0.5741046E+00  0.5795769E+00  0.5882293E+00  0.6013498E+00  0.6204260E+00  0.6467352E+00  0.6828373E+00
  0.1369792E+01  0.5679148E+00  0.5662526E+00  0.5664312E+00  0.5667078E+00  0.5671743E+00  0.5679402E+00  0.5692150E+00  0.5713033E+00  0.5747036E+00  0.5802027E+00  0.5889003E+00  0.6020968E+00  0.6212810E+00  0.6477324E+00  0.6840369E+00
  0.1375000E+01  0.5684810E+00  0.5668159E+00  0.5669951E+00  0.5672728E+00  0.5677411E+00  0.5685102E+00  0.5697906E+00  0.5718886E+00  0.5753049E+00  0.5808314E+00  0.5895756E+00  0.6028484E+00  0.6221367E+00  0.6487238E+00  0.6852252E+00
  0.1380208E+01  0.5690468E+00  0.5673787E+00  0.5675585E+00  0.5678372E+00  0.5683073E+00  0.5690794E+00  0.5703650E+00  0.5724722E+00  0.5759045E+00  0.5814591E+00  0.5902512E+00  0.6035997E+00  0.6229898E+00  0.6497116E+00  0.6864064E+00
  0.1385417E+01  0.5696103E+00  0.5679398E+00  0.5681202E+00  0.5683998E+00  0.5688715E+00  0.5696464E+00  0.5709370E+00  0.5730528E+00  0.5765003E+00  0.5820821E+00  0.5909218E+00  0.6043442E+00  0.6238357E+00  0.6506967E+00  0.6875821E+00
  0.1390625E+01  0.5701680E+00  0.5684957E+00  0.5686765E+00  0.5689568E+00  0.5694299E+00  0.5702072E+00  0.5715021E+00  0.5736256E+00  0.5770871E+00  0.5826946E+00  0.5915797E+00  0.6050746E+00  0.6246694E+00  0.6516773E+00  0.6887547E+00
  0.1395833E+01  0.5707186E+00  0.5690452E+00  0.5692263E+00  0.5695073E+00  0.5699815E+00  0.5707609E+00  0.5720595E+00  0.5741898E+00  0.5776639E+00  0.5832943E+00  0.5922212E+00  0.6057859E+00  0.6254860E+00  0.6526476E+00  0.6899222E+00
  0.1401042E+01  0.5712570E+00  0.5695829E+00  0.5697643E+00  0.5700458E+00  0.5705209E+00  0.5713022E+00  0.5726040E+00  0.5747402E+00  0.5782251E+00  0.5838763E+00  0.5928422E+00  0.6064744E+00  0.6262825E+00  0.6536052E+00  0.6910838E+00
  0.1406250E+01  0.5717821E+00  0.5701081E+00  0.5702897E+00  0.5705716E+00  0.5710476E+00  0.5718304E+00  0.5731351E+00  0.5752766E+00  0.5787716E+00  0.5844419E+00  0.5934447E+00  0.6071430E+00  0.6270611E+00  0.6545487E+00  0.6922380E+00
  0.1411458E+01  0.5722953E+00  0.5706217E+00  0.5708035E+00  0.5710858E+00  0.5715625E+00  0.5723468E+00  0.5736542E+00  0.5758009E+00  0.5793053E+00  0.5849941E+00  0.5940330E+00  0.6077981E+00  0.6278256E+00  0.6554792E+00  0.6933836E+00
  0.1416667E+01  0.5728034E+00  0.5711306E+00  0.5713126E+00  0.5715952E+00  0.5720727E+00  0.5728585E+00  0.5741687E+00  0.5763205E+00  0.5798345E+00  0.5855410E+00  0.5946153E+00  0.6084477E+00  0.6285836E+00  0.6563973E+00  0.6945200E+00
  0.1421875E+01  0.5733089E+00  0.5716371E+00  0.5718193E+00  0.5721023E+00  0.5725807E+00  0.5733681E+00  0.5746810E+00  0.5768380E+00  0.5803617E+00  0.5860865E+00  0.5951960E+00  0.6090958E+00  0.6293378E+00  0.6573037E+00  0.6956495E+00
  0.1427083E+01  0.5738196E+00  0.5721490E+00  0.5723315E+00  0.5726149E+00  0.5730941E+00  0.5738830E+00  0.5751988E+00  0.5773613E+00  0.5808946E+00  0.5866373E+00  0.5957815E+00  0.6097472E+00  0.6300885E+00  0.6582008E+00  0.6967723E+00
  0.1432292E+01  0.5743403E+00  0.5726706E+00  0.5728532E+00  0.5731371E+00  0.5736171E+00  0.5744076E+00  0.5757262E+00  0.5778940E+00  0.5814369E+00  0.5871972E+00  0.5963747E+00  0.6104020E+00  0.6308358E+00  0.6590933E+00  0.6978891E+00
  0.1437500E+01  0.5748756E+00  0.5732066E+00  0.5733894E+00  0.5736737E+00  0.5741545E+00  0.5749466E+00  0.5762679E+00  0.5784406E+00  0.5819928E+00  0.5877701E+00  0.5969794E+00  0.6110628E+00  0.6315832E+00  0.6599850E+00  0.6990010E+00
  0.1442708E+01  0.5754264E+00  0.5737574E+00  0.5739404E+00  0.5742251E+00  0.5747068E+00  0.5755003E+00  0.5768244E+00  0.5790021E+00  0.5825631E+00  0.5883569E+00  0.5975953E+00  0.6117286E+00  0.6323336E+00  0.6608799E+00  0.7001122E+00
  0.1447917E+01  0.5759951E+00  0.5743260E+00  0.5745092E+00  0.5747944E+00  0.5752769E+00  0.5760720E+00  0.5773987E+00  0.5795814E+00  0.5831511E+00  0.5889601E+00  0.5982246E+00  0.6124021E+00  0.6330878E+00  0.6617790E+00  0.7012264E+00
  0.1453125E+01  0.5765771E+00  0.5749075E+00  0.5750911E+00  0.5753767E+00  0.5758602E+00  0.5766570E+00  0.5779868E+00  0.5801746E+00  0.5837532E+00  0.5895771E+00  0.5988662E+00  0.6130828E+00  0.6338448E+00  0.6626807E+00  0.7023477E+00
  0.1458333E+01  0.5771683E+00  0.5754981E+00  0.5756819E+00  0.5759680E+00  0.5764524E+00  0.5772510E+00  0.5785838E+00  0.5807772E+00  0.5843652E+00  0.5902047E+00  0.5995177E+00  0.6137703E+00  0.6346041E+00  0.6635834E+00  0.7034777E+00
  0.1463542E+01  0.5777599E+00  0.5760890E+00  0.5762731E+00  0.5765597E+00  0.5770451E+00  0.5778454E+00  0.5791814E+00  0.5813804E+00  0.5849778E+00  0.5908332E+00  0.6001709E+00  0.6144601E+00  0.6353647E+00  0.6644874E+00  0.7046181E+00
  0.1468750E+01  0.5783477E+00  0.5766760E+00  0.5768604E+00  0.5771476E+00  0.5776340E+00  0.5784360E+00  0.5797751E+00  0.5819797E+00  0.5855872E+00  0.5914592E+00  0.6008222E+00  0.6151491E+00  0.6361254E+00  0.6653930E+00  0.7057687E+00
  0.1473958E+01  0.5789260E+00  0.5772535E+00  0.5774381E+00  0.5777259E+00  0.5782133E+00  0.5790171E+00  0.5803595E+00  0.5825698E+00  0.5861874E+00  0.5920764E+00  0.6014664E+00  0.6158346E+00  0.6368864E+00  0.6663030E+00  0.7069348E+00
  0.1479167E+01  0.5794918E+00  0.5778185E+00  0.5780035E+00  0.5782919E+00  0.5787804E+00  0.5795862E+00  0.5809320E+00  0.5831482E+00  0.5867761E+00  0.5926829E+00  0.6021015E+00  0.6165145E+00  0.6376459E+00  0.6672187E+00  0.7081193E+00
  0.1484375E+01  0.5800401E+00  0.5783659E+00  0.5785513E+00  0.5788404E+00  0.5793302E+00  0.5801383E+00  0.5814881E+00  0.5837109E+00  0.5873503E+00  0.5932761E+00  0.6027256E+00  0.6171867E+00  0.6384040E+00  0.6681447E+00  0.7093254E+00
  0.1489583E+01  0.5805702E+00  0.5788950E+00  0.5790809E+00  0.5793708E+00  0.5798622E+00  0.5806730E+00  0.5820271E+00  0.5842577E+00  0.5879098E+00  0.5938564E+00  0.6033389E+00  0.6178542E+00  0.6391645E+00  0.6690824E+00  0.7105516E+00
  0.1494792E+01  0.5810785E+00  0.5794024E+00  0.5795888E+00  0.5798796E+00  0.5803726E+00  0.5811863E+00  0.5825455E+00  0.5847847E+00  0.5884514E+00  0.5944210E+00  0.6039409E+00  0.6185175E+00  0.6399299E+00  0.6700351E+00  0.7117978E+00
  0.1500000E+01  0.5815687E+00  0.5798917E+00  0.5800787E+00  0.5803706E+00  0.5808654E+00  0.5816822E+00  0.5830468E+00  0.5852952E+00  0.5889773E+00  0.5949719E+00  0.6045326E+00  0.6191784E+00  0.6407025E+00  0.6710039E+00  0.7130625E+00
  0.1505208E+01  0.5820448E+00  0.5803670E+00  0.5805546E+00  0.5808476E+00  0.5813443E+00  0.5821645E+00  0.5835348E+00  0.5857929E+00  0.5894908E+00  0.5955118E+00  0.6051170E+00  0.6198375E+00  0.6414845E+00  0.6719937E+00  0.7143466E+00
  0.1510417E+01  0.5825125E+00  0.5808342E+00  0.5810224E+00  0.5813165E+00  0.5818152E+00  0.5826387E+00  0.5840148E+00  0.5862827E+00  0.5899970E+00  0.5960450E+00  0.6056969E+00  0.6204977E+00  0.6422772E+00  0.6730047E+00  0.7156475E+00
  0.1515625E+01  0.5829740E+00  0.5812950E+00  0.5814839E+00  0.5817790E+00  0.5822797E+00  0.5831067E+00  0.5844887E+00  0.5867666E+00  0.5904976E+00  0.5965741E+00  0.6062764E+00  0.6211627E+00  0.6430829E+00  0.6740378E+00  0.7169655E+00
  0.1520833E+01  0.5834319E+00  0.5817524E+00  0.5819419E+00  0.5822381E+00  0.5827408E+00  0.5835713E+00  0.5849593E+00  0.5872476E+00  0.5909962E+00  0.5971031E+00  0.6068585E+00  0.6218354E+00  0.6439035E+00  0.6750906E+00  0.7182985E+00
  0.1526042E+01  0.5838892E+00  0.5822089E+00  0.5823990E+00  0.5826964E+00  0.5832010E+00  0.5840350E+00  0.5854291E+00  0.5877278E+00  0.5914944E+00  0.5976329E+00  0.6074444E+00  0.6225170E+00  0.6447414E+00  0.6761662E+00  0.7196487E+00
  0.1531250E+01  0.5843525E+00  0.5826716E+00  0.5828623E+00  0.5831607E+00  0.5836673E+00  0.5845046E+00  0.5859044E+00  0.5882133E+00  0.5919976E+00  0.5981677E+00  0.6080368E+00  0.6232100E+00  0.6455984E+00  0.6772646E+00  0.7210142E+00
  0.1536458E+01  0.5848291E+00  0.5831475E+00  0.5833388E+00  0.5836382E+00  0.5841465E+00  0.5849870E+00  0.5863923E+00  0.5887108E+00  0.5925125E+00  0.5987144E+00  0.6086418E+00  0.6239192E+00  0.6464775E+00  0.6783858E+00  0.7223949E+00
  0.1541667E+01  0.5853277E+00  0.5836454E+00  0.5838373E+00  0.5841377E+00  0.5846477E+00  0.5854913E+00  0.5869019E+00  0.5892299E+00  0.5930489E+00  0.5992821E+00  0.6092669E+00  0.6246475E+00  0.6473775E+00  0.6795278E+00  0.7237872E+00
  0.1546875E+01  0.5858525E+00  0.5841694E+00  0.5843618E+00  0.5846631E+00  0.5851748E+00  0.5860214E+00  0.5874374E+00  0.5897749E+00  0.5936109E+00  0.5998750E+00  0.6099157E+00  0.6253967E+00  0.6482988E+00  0.6806912E+00  0.7251936E+00
  0.1552083E+01  0.5864047E+00  0.5847207E+00  0.5849136E+00  0.5852158E+00  0.5857292E+00  0.5865785E+00  0.5879995E+00  0.5903463E+00  0.5941988E+00  0.6004927E+00  0.6105862E+00  0.6261643E+00  0.6492383E+00  0.6818737E+00  0.7266107E+00
  0.1557292E+01  0.5869807E+00  0.5852959E+00  0.5854893E+00  0.5857924E+00  0.5863074E+00  0.5871597E+00  0.5885859E+00  0.5909418E+00  0.5948106E+00  0.6011334E+00  0.6112775E+00  0.6269511E+00  0.6501975E+00  0.6830742E+00  0.7280395E+00
  0.1562500E+01  0.5875792E+00  0.5858933E+00  0.5860873E+00  0.5863914E+00  0.5869081E+00  0.5877634E+00  0.5891950E+00  0.5915602E+00  0.5954453E+00  0.6017962E+00  0.6119899E+00  0.6277576E+00  0.6511759E+00  0.6842889E+00  0.7294760E+00
  0.1567708E+01  0.5881970E+00  0.5865097E+00  0.5867043E+00  0.5870094E+00  0.5875280E+00  0.5883865E+00  0.5898237E+00  0.5921988E+00  0.5961007E+00  0.6024806E+00  0.6127255E+00  0.6285885E+00  0.6521769E+00  0.6855175E+00  0.7309218E+00
  0.1572917E+01  0.5888306E+00  0.5871416E+00  0.5873368E+00  0.5876430E+00  0.5881635E+00  0.5890254E+00  0.5904683E+00  0.5928533E+00  0.5967726E+00  0.6031828E+00  0.6134816E+00  0.6294428E+00  0.6531956E+00  0.6867524E+00  0.7323702E+00
  0.1578125E+01  0.5894746E+00  0.5877835E+00  0.5879794E+00  0.5882868E+00  0.5888093E+00  0.5896747E+00  0.5911239E+00  0.5935195E+00  0.5974573E+00  0.6039003E+00  0.6142576E+00  0.6303214E+00  0.6542287E+00  0.6879918E+00  0.7338236E+00
  0.1583333E+01  0.5901247E+00  0.5884314E+00  0.5886281E+00  0.5889367E+00  0.5894615E+00  0.5903307E+00  0.5917866E+00  0.5941940E+00  0.5981523E+00  0.6046320E+00  0.6150530E+00  0.6312182E+00  0.6552690E+00  0.6892306E+00  0.7352782E+00
  0.1588542E+01  0.5907824E+00  0.5890865E+00  0.5892840E+00  0.5895941E+00  0.5901213E+00  0.5909949E+00  0.5924584E+00  0.5948789E+00  0.5988598E+00  0.6053794E+00  0.6158660E+00  0.6321293E+00  0.6563158E+00  0.6904705E+00  0.7367375E+00
  0.1593750E+01  0.5914494E+00  0.5897508E+00  0.5899492E+00  0.5902608E+00  0.5907908E+00  0.5916691E+00  0.5931407E+00  0.5955752E+00  0.5995803E+00  0.6061405E+00  0.6166914E+00  0.6330476E+00  0.6573624E+00  0.6917067E+00  0.7381963E+00
  0.1598958E+01  0.5921286E+00  0.5904269E+00  0.5906262E+00  0.5909395E+00  0.5914723E+00  0.5923555E+00  0.5938356E+00  0.5962848E+00  0.6003148E+00  0.6069160E+00  0.6175300E+00  0.6339745E+00  0.6584120E+00  0.6929428E+00  0.7396570E+00
  0.1604167E+01  0.5928193E+00  0.5911143E+00  0.5913145E+00  0.5916295E+00  0.5921652E+00  0.5930536E+00  0.5945424E+00  0.5970064E+00  0.6010615E+00  0.6077036E+00  0.6183784E+00  0.6349068E+00  0.6594617E+00  0.6941755E+00  0.7411153E+00
  0.1609375E+01  0.5935205E+00  0.5918115E+00  0.5920128E+00  0.5923294E+00  0.5928681E+00  0.5937616E+00  0.5952595E+00  0.5977385E+00  0.6018185E+00  0.6085006E+00  0.6192353E+00  0.6358468E+00  0.6605166E+00  0.6954081E+00  0.7425750E+00
